001 45 49 49 65 65 45 4 7
002 60 62 63 80 80 60 4 7
003 80 82 83 100 100 80 4 7
003 80 100 123 122 120 80 4 7
004 39 52 43 60 50 65 1 18
005 58 64 58 80 65 80 1 18
006 78 84 78 109 85 100 1 9
006 78 130 111 130 85 100 1 14
006 78 104 78 159 115 100 1 9
007 44 48 65 50 64 43 2 18
008 59 63 80 65 80 58 2 18
009 79 83 100 85 105 78 2 18
009 79 103 120 135 115 78 2 18
010 45 30 35 20 20 45 11 18
011 50 20 55 25 25 30 11 18
012 60 45 50 90 80 70 11 9
013 40 35 30 20 20 50 11 7
014 45 25 50 25 25 35 11 7
015 65 90 40 45 80 75 11 7
015 65 150 40 15 80 145 11 7
016 40 45 40 35 35 56 0 9
017 63 60 55 50 50 71 0 9
018 83 80 75 70 70 101 0 9
018 83 80 80 135 80 121 0 9
019 30 56 35 25 35 72 0 18
019 30 56 35 25 35 72 15 0
020 55 81 60 50 70 97 0 18
020 75 71 70 40 80 77 15 0
021 40 60 30 31 31 70 0 9
022 65 90 65 61 61 100 0 9
023 35 60 44 40 54 55 7 18
024 60 95 69 65 79 80 7 18
025 35 55 40 50 50 90 3 18
025 45 80 50 75 60 120 3 18
026 60 90 55 90 80 110 3 18
026 60 85 50 95 85 110 3 10
027 50 75 85 20 30 40 8 18
027 50 75 90 10 35 40 5 16
028 75 100 110 45 55 65 8 18
028 75 100 120 25 65 65 5 16
029 55 47 52 40 40 41 7 18
030 70 62 67 55 55 56 7 18
031 90 92 87 75 85 76 7 8
032 46 57 40 40 40 50 7 18
033 61 72 57 55 55 65 7 18
034 81 102 77 85 75 85 7 8
035 70 45 48 60 65 35 17 18
036 95 70 73 95 90 60 17 18
037 38 41 40 50 65 65 1 18
037 38 41 40 50 65 65 5 18
038 73 76 75 81 100 100 1 18
038 73 67 75 81 100 109 5 17
039 115 45 20 45 25 20 0 17
040 140 70 45 85 50 45 0 17
041 40 45 35 30 40 55 7 9
042 75 80 70 65 75 90 7 9
043 45 50 55 75 65 30 4 7
044 60 65 70 85 75 40 4 7
045 75 80 85 110 90 50 4 7
046 35 70 55 45 55 25 11 4
047 60 95 80 60 80 30 11 4
048 60 55 50 40 55 45 11 7
049 70 65 60 90 75 90 11 7
050 10 55 25 35 45 95 8 18
050 10 55 30 35 45 90 8 16
051 35 100 50 50 70 120 8 18
051 35 100 60 50 70 110 8 16
052 40 45 35 40 40 90 0 18
052 40 35 35 50 40 90 15 18
052 50 65 55 40 40 40 16 18
053 65 70 60 65 65 115 0 18
053 65 60 60 75 65 115 15 18
054 50 52 48 65 50 55 2 18
055 80 82 78 95 80 85 2 18
056 40 80 35 35 45 70 6 18
057 65 105 60 60 70 95 6 18
058 55 70 45 70 50 60 1 18
058 60 75 45 65 50 55 1 12
059 90 110 80 100 80 95 1 18
059 95 115 80 95 80 90 1 12
060 40 50 40 40 40 90 2 18
061 65 65 65 50 50 90 2 18
062 90 95 95 70 90 70 2 6
063 25 20 15 105 55 90 10 18
064 40 35 30 120 70 105 10 18
065 55 50 45 135 95 120 10 18
065 55 50 65 175 105 150 10 18
066 70 80 50 35 35 35 6 18
067 80 100 70 50 60 45 6 18
068 90 130 80 65 85 55 6 18
069 50 75 35 70 30 40 4 7
070 65 90 50 85 45 55 4 7
071 80 105 65 100 70 70 4 7
072 40 40 35 50 100 70 2 7
073 80 70 65 80 120 100 2 7
074 40 80 100 30 30 20 12 8
074 40 80 100 30 30 20 12 3
075 55 95 115 45 45 35 12 8
075 55 95 115 45 45 35 12 3
076 80 120 130 55 65 45 12 8
076 80 120 130 55 65 45 12 3
077 50 85 55 65 65 90 1 18
077 50 85 55 65 65 90 10 18
078 65 100 70 80 80 105 1 18
078 65 100 70 80 80 105 10 17
079 90 65 65 40 40 15 2 10
079 90 65 65 40 40 15 10 18
080 95 75 110 100 80 30 2 10
080 95 75 180 130 80 30 2 10
080 95 100 95 100 70 30 7 10
081 25 35 70 95 55 45 3 16
082 50 60 95 120 70 70 3 16
083 52 90 55 58 62 60 0 9
083 52 95 55 58 62 55 6 18
084 35 85 45 35 35 75 0 9
085 60 110 70 60 60 110 0 9
086 65 45 55 45 70 45 2 18
087 90 70 80 70 95 70 2 5
088 80 80 50 40 50 25 7 18
088 80 80 50 40 50 25 7 15
089 105 105 75 65 100 50 7 18
089 105 105 75 65 100 50 7 15
090 30 65 100 45 25 40 2 18
091 50 95 180 85 45 70 2 5
092 30 35 30 100 35 80 13 7
093 45 50 45 115 55 95 13 7
094 60 65 60 130 75 110 13 7
094 60 65 80 170 95 130 13 7
095 35 45 160 30 45 70 12 8
096 60 48 45 43 90 42 10 18
097 85 73 70 73 115 67 10 18
098 30 105 90 25 25 50 2 18
099 55 130 115 50 50 75 2 18
100 40 30 50 55 55 100 3 18
100 40 30 50 55 55 100 3 4
101 60 50 70 80 80 150 3 18
101 60 50 70 80 80 150 3 4
102 60 40 80 60 45 40 4 10
103 95 95 85 125 75 55 4 10
103 95 105 85 125 75 45 4 14
104 50 50 95 40 50 35 8 18
105 60 80 110 50 80 45 8 18
105 60 80 110 50 80 45 1 13
106 50 120 53 35 110 87 6 18
107 50 105 79 35 110 76 6 18
108 90 55 75 60 75 30 0 18
109 40 65 95 60 45 35 7 18
110 65 90 120 85 70 60 7 18
110 65 90 120 85 70 60 7 17
111 80 85 95 30 30 25 8 12
112 105 130 120 45 45 40 8 12
113 250 5 5 35 105 50 0 18
114 65 55 115 100 40 60 4 18
115 105 95 80 40 80 90 0 18
115 105 125 100 60 100 100 0 18
116 30 40 70 70 25 60 2 18
117 55 65 95 95 45 85 2 18
118 45 67 60 35 50 63 2 18
119 80 92 65 65 80 68 2 18
120 30 45 55 70 55 85 2 18
121 60 75 85 100 85 115 2 10
122 40 45 65 100 120 90 10 17
122 50 65 65 90 90 100 5 10
123 70 110 80 55 80 105 11 9
124 65 50 35 115 95 95 5 10
125 65 83 57 95 85 105 3 18
126 65 95 57 100 85 93 1 18
127 65 125 100 55 70 85 11 18
127 65 155 120 65 90 105 11 9
128 75 100 95 40 70 110 0 18
129 20 10 55 15 20 80 2 18
130 95 125 79 60 100 81 2 9
130 95 155 109 70 130 81 2 15
131 130 85 80 85 95 60 2 5
132 48 48 48 48 48 48 0 18
133 55 55 50 45 65 55 0 18
133 65 75 70 65 85 75 0 18
134 130 65 60 110 95 65 2 18
135 65 65 60 110 95 130 3 18
136 65 130 60 95 110 65 1 18
137 65 60 70 85 75 40 0 18
138 35 40 100 90 55 35 12 2
139 70 60 125 115 70 55 12 2
140 30 80 90 55 45 55 12 2
141 60 115 105 65 70 80 12 2
142 80 105 65 60 75 130 12 9
142 80 135 85 70 95 150 12 9
143 160 110 65 65 110 30 0 18
144 90 85 100 95 125 85 5 9
144 90 85 85 125 100 95 10 9
145 90 90 85 125 90 100 3 9
145 90 125 90 85 90 100 6 9
146 90 100 90 125 85 90 1 9
146 90 85 90 100 125 90 15 9
147 41 64 45 50 50 50 14 18
148 61 84 65 70 70 70 14 18
149 91 134 95 100 100 80 14 9
150 106 110 90 154 90 130 10 18
150 106 190 100 154 100 130 10 6
150 106 150 70 194 120 140 10 18
151 100 100 100 100 100 100 10 18
152 45 49 65 49 65 45 4 18
153 60 62 80 63 80 60 4 18
154 80 82 100 83 100 80 4 18
155 39 52 43 60 50 65 1 18
156 58 64 58 80 65 80 1 18
157 78 84 78 109 85 100 1 18
157 73 84 78 119 85 95 1 13
158 50 65 64 44 48 43 2 18
159 65 80 80 59 63 58 2 18
160 85 105 100 79 83 78 2 18
161 35 46 34 35 45 20 0 18
162 85 76 64 45 55 90 0 18
163 60 30 30 36 56 50 0 9
164 100 50 50 86 96 70 0 9
165 40 20 30 40 80 55 11 9
166 55 35 50 55 110 85 11 9
167 40 60 40 40 40 30 11 7
168 70 90 70 60 70 40 11 7
169 85 90 80 70 80 130 7 9
170 75 38 38 56 56 67 2 3
171 125 58 58 76 76 67 2 3
172 20 40 15 35 35 60 3 18
173 50 25 28 45 55 15 17 18
174 90 30 15 40 20 15 0 17
175 35 20 65 40 65 20 17 18
176 55 40 85 80 105 40 17 9
177 40 50 45 70 45 70 10 9
178 65 75 70 95 70 95 10 9
179 55 40 40 65 45 35 3 18
180 70 55 55 80 60 45 3 18
181 90 75 85 115 90 55 3 18
181 90 95 105 165 110 45 3 14
182 75 80 95 90 100 50 4 18
183 70 20 50 20 50 40 2 17
184 100 50 80 60 80 50 2 17
185 70 100 115 30 65 30 12 18
186 90 75 75 90 100 70 2 18
187 35 35 40 35 55 50 4 9
188 55 45 50 45 65 80 4 9
189 75 55 70 55 95 110 4 9
190 55 70 55 40 55 85 0 18
191 30 30 30 30 30 30 4 18
192 75 75 55 105 85 30 4 18
193 65 65 45 75 45 95 11 9
194 55 45 45 25 25 15 2 8
195 95 85 85 65 65 35 2 8
196 65 65 60 130 95 110 10 18
197 95 65 110 60 130 65 15 18
198 60 85 42 85 42 91 15 9
199 95 75 80 100 110 30 2 10
199 95 65 80 110 110 30 7 10
200 60 60 60 85 85 85 13 18
201 48 72 48 72 48 48 10 18
202 190 33 58 33 58 33 10 18
203 70 80 65 90 65 85 0 10
204 50 65 90 35 35 15 11 18
205 75 90 140 60 60 40 11 16
206 100 70 70 65 65 45 0 18
207 65 75 105 35 65 85 8 9
208 75 85 200 55 65 30 16 8
208 75 125 230 55 95 30 16 8
209 60 80 50 40 40 30 17 18
210 90 120 75 60 60 45 17 18
211 65 95 85 55 55 85 2 7
211 65 95 85 55 55 85 15 7
212 70 130 100 55 80 65 11 16
212 70 150 140 65 100 75 11 16
213 20 10 230 10 230 5 11 12
214 80 125 75 40 95 85 11 6
214 80 185 115 40 105 75 11 6
215 55 95 55 35 75 115 15 5
215 55 95 55 35 75 115 6 7
216 60 80 50 50 50 40 0 18
217 90 130 75 75 75 55 0 18
218 40 40 40 70 40 20 1 18
219 60 50 120 90 80 30 1 12
220 50 50 40 30 30 50 5 8
221 100 100 80 60 60 50 5 8
222 65 55 95 65 95 35 2 12
222 60 55 100 65 100 30 13 18
223 35 65 35 65 35 65 2 18
224 75 105 75 105 75 45 2 18
225 45 55 45 65 45 75 5 9
226 85 40 70 80 140 70 2 9
227 65 80 140 40 70 70 16 9
228 45 60 30 80 50 65 15 1
229 75 90 50 110 80 95 15 1
229 75 90 90 140 90 115 15 1
230 75 95 95 95 95 85 2 14
231 90 60 60 40 40 40 8 18
232 90 120 120 60 60 50 8 18
233 85 80 90 105 95 60 0 18
234 73 95 62 85 65 85 0 18
235 55 20 35 20 45 75 0 18
236 35 35 35 35 35 35 6 18
237 50 95 95 35 110 70 6 18
238 45 30 15 85 65 65 5 10
239 45 63 37 65 55 95 3 18
240 45 75 37 70 55 83 1 18
241 95 80 105 40 70 100 0 18
242 255 10 10 75 135 55 0 18
243 90 85 75 115 100 115 3 18
244 115 115 85 90 75 100 1 18
245 100 75 115 90 115 85 2 18
246 50 64 50 45 50 41 12 8
247 70 84 70 65 70 51 12 8
248 100 134 110 95 100 61 12 15
248 100 164 150 95 120 71 12 15
249 106 90 130 90 154 110 10 9
250 106 130 90 110 154 90 1 9
251 100 100 100 100 100 100 10 4
252 40 45 35 65 55 70 4 18
253 50 65 45 85 65 95 4 18
254 70 85 65 105 85 120 4 18
254 70 110 75 145 85 145 4 14
255 45 60 40 70 50 45 1 18
256 60 85 60 85 60 55 1 6
257 80 120 70 110 70 80 1 6
257 80 160 80 130 80 100 1 6
258 50 70 50 50 50 40 2 18
259 70 85 70 60 70 50 2 8
260 100 110 90 85 90 60 2 8
260 100 150 110 95 110 70 2 8
261 35 55 35 30 30 35 15 18
262 70 90 70 60 60 70 15 18
263 38 30 41 30 41 60 0 18
263 38 30 41 30 41 60 15 0
264 78 70 61 50 61 100 0 18
264 78 70 61 50 61 100 15 0
265 45 45 35 20 30 20 11 18
266 50 35 55 25 25 15 11 18
267 60 70 50 100 50 65 11 9
268 50 35 55 25 25 15 11 18
269 60 50 70 50 90 65 11 7
270 40 30 30 40 50 30 2 4
271 60 50 50 60 70 50 2 4
272 80 70 70 90 100 70 2 4
273 40 40 50 30 30 30 4 18
274 70 70 40 60 40 60 4 15
275 90 100 60 90 60 80 4 15
276 40 55 30 30 30 85 0 9
277 60 85 60 75 50 125 0 9
278 40 30 30 55 30 85 2 9
279 60 50 100 95 70 65 2 9
280 28 25 25 45 35 40 10 17
281 38 35 35 65 55 50 10 17
282 68 65 65 125 115 80 10 17
282 68 85 65 165 135 100 10 17
283 40 30 32 50 52 65 11 2
284 70 60 62 100 82 80 11 9
285 60 40 60 40 60 35 4 18
286 60 130 80 60 60 70 4 6
287 60 60 60 35 35 30 0 18
288 80 80 80 55 55 90 0 18
289 150 160 100 95 65 100 0 18
290 31 45 90 30 30 40 11 8
291 61 90 45 50 50 160 11 9
292 1 90 45 30 30 40 11 13
293 64 51 23 51 23 28 0 18
294 84 71 43 71 43 48 0 18
295 104 91 63 91 73 68 0 18
296 72 60 30 20 30 25 6 18
297 144 120 60 40 60 50 6 18
298 50 20 40 20 40 20 0 17
299 30 45 135 45 90 30 12 18
300 50 45 45 35 35 50 0 18
301 70 65 65 55 55 90 0 18
302 50 75 75 65 65 50 15 13
302 50 85 125 85 115 20 15 13
303 50 85 85 55 55 50 16 17
303 50 105 125 55 95 50 16 17
304 50 70 100 40 40 30 16 12
305 60 90 140 50 50 40 16 12
306 70 110 180 60 60 50 16 12
306 70 140 230 60 80 50 16 18
307 30 40 55 40 55 60 6 10
308 60 60 75 60 75 80 6 10
308 60 100 85 80 85 100 6 10
309 40 45 40 65 40 65 3 18
310 70 75 60 105 60 105 3 18
310 70 75 80 135 80 135 3 18
311 60 50 40 85 75 95 3 18
312 60 40 50 75 85 95 3 18
313 65 73 75 47 85 85 11 18
314 65 47 75 73 85 85 11 18
315 50 60 45 100 80 65 4 7
316 70 43 53 43 53 40 7 18
317 100 73 83 73 83 55 7 18
318 45 90 20 65 20 65 2 15
319 70 120 40 95 40 95 2 15
319 70 140 70 110 65 105 2 15
320 130 70 35 70 35 60 2 18
321 170 90 45 90 45 60 2 18
322 60 60 40 65 45 35 1 8
323 70 100 70 105 75 40 1 8
323 70 120 100 145 105 20 1 8
324 70 85 140 85 70 20 1 18
325 60 25 35 70 80 60 10 18
326 80 45 65 90 110 80 10 18
327 60 60 60 60 60 60 0 18
328 45 100 45 45 45 10 8 18
329 50 70 50 50 50 70 8 14
330 80 100 80 80 80 100 8 14
331 50 85 40 85 40 35 4 18
332 70 115 60 115 60 55 4 15
333 45 40 60 40 75 50 0 9
334 75 70 90 70 105 80 14 9
334 75 110 110 110 105 80 14 17
335 73 115 60 60 60 90 0 18
336 73 100 60 100 60 65 7 18
337 90 55 65 95 85 70 12 10
338 90 95 85 55 65 70 12 10
339 50 48 43 46 41 60 2 8
340 110 78 73 76 71 60 2 8
341 43 80 65 50 35 35 2 18
342 63 120 85 90 55 55 2 15
343 40 40 55 40 70 55 8 10
344 60 70 105 70 120 75 8 10
345 66 41 77 61 87 23 12 4
346 86 81 97 81 107 43 12 4
347 45 95 50 40 50 75 12 11
348 75 125 100 70 80 45 12 11
349 20 15 20 10 55 80 2 18
350 95 60 79 100 125 81 2 18
351 70 70 70 70 70 70 0 18
351 70 70 70 70 70 70 1 18
351 70 70 70 70 70 70 2 18
351 70 70 70 70 70 70 5 18
352 60 90 70 60 120 40 0 18
353 44 75 35 63 33 45 13 18
354 64 115 65 83 63 65 13 18
354 64 165 75 93 83 75 13 18
355 20 40 90 30 90 25 13 18
356 40 70 130 60 130 25 13 18
357 99 68 83 72 87 51 4 9
358 75 50 80 95 90 65 10 18
359 65 130 60 75 60 75 15 18
359 65 150 60 115 60 115 15 18
360 95 23 48 23 48 23 10 18
361 50 50 50 50 50 50 5 18
362 80 80 80 80 80 80 5 18
362 80 120 80 120 80 100 5 18
363 70 40 50 55 50 25 5 2
364 90 60 70 75 70 45 5 2
365 110 80 90 95 90 65 5 2
366 35 64 85 74 55 32 2 18
367 55 104 105 94 75 52 2 18
368 55 84 105 114 75 52 2 18
369 100 90 130 45 65 55 2 12
370 43 30 55 40 65 97 2 18
371 45 75 60 40 30 50 14 18
372 65 95 100 60 50 50 14 18
373 95 135 80 110 80 100 14 9
373 95 145 130 120 90 120 14 9
374 40 55 80 35 60 30 16 10
375 60 75 100 55 80 50 16 10
376 80 135 130 95 90 70 16 10
376 80 145 150 105 110 110 16 10
377 80 100 200 50 100 50 12 18
378 80 50 100 100 200 50 5 18
379 80 75 150 75 150 50 16 18
380 80 80 90 110 130 110 14 10
380 80 100 120 140 150 110 14 10
381 80 90 80 130 110 110 14 10
381 80 130 100 160 120 110 14 10
382 100 100 90 150 140 90 2 18
382 100 150 90 180 160 90 2 18
383 100 150 140 100 90 90 8 18
383 100 180 160 150 90 90 8 1
384 105 150 90 150 90 95 14 9
384 105 180 100 180 100 115 14 9
385 100 100 100 100 100 100 16 10
386 50 150 50 150 50 150 10 18
386 50 180 20 180 20 150 10 18
386 50 70 160 70 160 90 10 18
386 50 95 90 95 90 180 10 18
387 55 68 64 45 55 31 4 18
388 75 89 85 55 65 36 4 18
389 95 109 105 75 85 56 4 8
390 44 58 44 58 44 61 1 18
391 64 78 52 78 52 81 1 6
392 76 104 71 104 71 108 1 6
393 53 51 53 61 56 40 2 18
394 64 66 68 81 76 50 2 18
395 84 86 88 111 101 60 2 16
396 40 55 30 30 30 60 0 9
397 55 75 50 40 40 80 0 9
398 85 120 70 50 60 100 0 9
399 59 45 40 35 40 31 0 18
400 79 85 60 55 60 71 0 2
401 37 25 41 25 41 25 11 18
402 77 85 51 55 51 65 11 18
403 45 65 34 40 34 45 3 18
404 60 85 49 60 49 60 3 18
405 80 120 79 95 79 70 3 18
406 40 30 35 50 70 55 4 7
407 60 70 65 125 105 90 4 7
408 67 125 40 30 30 58 12 18
409 97 165 60 65 50 58 12 18
410 30 42 118 42 88 30 12 16
411 60 52 168 47 138 30 12 16
412 40 29 45 29 45 36 11 18
412 40 29 45 29 45 36 11 18
412 40 29 45 29 45 36 11 18
413 60 59 85 79 105 36 11 4
413 60 79 105 59 85 36 11 8
413 60 69 95 69 95 36 11 16
414 70 94 50 94 50 66 11 9
415 30 30 42 30 42 70 11 9
416 70 80 102 80 102 40 11 9
417 60 45 70 45 90 95 3 18
418 55 65 35 60 30 85 2 18
419 85 105 55 85 50 115 2 18
420 45 35 45 62 53 35 4 18
421 70 60 70 87 78 85 4 18
422 76 48 48 57 62 34 2 18
423 111 83 68 92 82 39 2 8
424 75 100 66 60 66 115 0 18
425 90 50 34 60 44 70 13 9
426 150 80 44 90 54 80 13 9
427 55 66 44 44 56 85 0 18
428 65 76 84 54 96 105 0 18
428 65 136 94 54 96 135 0 6
429 60 60 60 105 105 105 13 18
430 100 125 52 105 52 71 15 9
431 49 55 42 42 37 85 0 18
432 71 82 64 64 59 112 0 18
433 45 30 50 65 50 45 10 18
434 63 63 47 41 41 74 7 15
435 103 93 67 71 61 84 7 15
436 57 24 86 24 86 23 16 10
437 67 89 116 79 116 33 16 10
438 50 80 95 10 45 10 12 18
439 20 25 45 70 90 60 10 17
440 100 5 5 15 65 30 0 18
441 76 65 45 92 42 91 0 9
442 50 92 108 92 108 35 13 15
443 58 70 45 40 45 42 14 8
444 68 90 65 50 55 82 14 8
445 108 130 95 80 85 102 14 8
445 108 170 115 120 95 92 14 8
446 135 85 40 40 85 5 0 18
447 40 70 40 35 40 60 6 18
448 70 110 70 115 70 90 6 16
448 70 145 88 140 70 112 6 16
449 68 72 78 38 42 32 8 18
450 108 112 118 68 72 47 8 18
451 40 50 90 30 55 65 7 11
452 70 90 110 60 75 95 7 15
453 48 61 40 61 40 50 7 6
454 83 106 65 86 65 85 7 6
455 74 100 72 90 72 46 4 18
456 49 49 56 49 61 66 2 18
457 69 69 76 69 86 91 2 18
458 45 20 50 60 120 50 2 9
459 60 62 50 62 60 40 4 5
460 90 92 75 92 85 60 4 5
460 90 132 105 132 105 30 4 5
461 70 120 65 45 85 125 15 5
462 70 70 115 130 90 60 3 16
463 110 85 95 80 95 50 0 18
464 115 140 130 55 55 40 8 12
465 100 100 125 110 50 50 4 18
466 75 123 67 95 85 95 3 18
467 75 95 67 125 95 83 1 18
468 85 50 95 120 115 80 17 9
469 86 76 86 116 56 95 11 9
470 65 110 130 60 65 95 4 18
471 65 60 110 130 95 65 5 18
472 75 95 125 45 75 95 8 9
473 110 130 80 70 60 80 5 8
474 85 80 70 135 75 90 0 18
475 68 125 65 65 115 80 10 6
475 68 165 95 65 115 110 10 6
476 60 55 145 75 150 40 12 16
477 45 100 135 65 135 45 13 18
478 70 80 70 80 70 110 5 13
479 50 50 77 95 77 91 3 13
479 50 65 107 105 107 86 3 1
479 50 65 107 105 107 86 3 2
479 50 65 107 105 107 86 3 5
479 50 65 107 105 107 86 3 9
479 50 65 107 105 107 86 3 4
480 75 75 130 75 130 95 10 18
481 80 105 105 105 105 80 10 18
482 75 125 70 125 70 115 10 18
483 100 120 120 150 100 90 16 14
483 100 100 120 150 120 90 16 14
484 90 120 100 150 120 100 2 14
484 90 100 100 150 120 120 2 14
485 91 90 106 130 106 77 1 16
486 110 160 110 80 110 100 0 18
487 150 100 120 100 120 90 13 14
487 150 120 100 120 100 90 13 14
488 120 70 120 75 130 85 10 18
489 80 80 80 80 80 80 2 18
490 100 100 100 100 100 100 2 18
491 70 90 90 135 90 125 15 18
492 100 100 100 100 100 100 4 18
492 100 103 75 120 75 127 4 9
493 120 120 120 120 120 120 0 18
494 100 100 100 100 100 100 10 1
495 45 45 55 45 55 63 4 18
496 60 60 75 60 75 83 4 18
497 75 75 95 75 95 113 4 18
498 65 63 45 45 45 45 1 18
499 90 93 55 70 55 55 1 6
500 110 123 65 100 65 65 1 6
501 55 55 45 63 45 45 2 18
502 75 75 60 83 60 60 2 18
503 95 100 85 108 70 70 2 18
503 90 108 80 100 65 85 2 15
504 45 55 39 35 39 42 0 18
505 60 85 69 60 69 77 0 18
506 45 60 45 25 45 55 0 18
507 65 80 65 35 65 60 0 18
508 85 110 90 45 90 80 0 18
509 41 50 37 50 37 66 15 18
510 64 88 50 88 50 106 15 18
511 50 53 48 53 48 64 4 18
512 75 98 63 98 63 101 4 18
513 50 53 48 53 48 64 1 18
514 75 98 63 98 63 101 1 18
515 50 53 48 53 48 64 2 18
516 75 98 63 98 63 101 2 18
517 76 25 45 67 55 24 10 18
518 116 55 85 107 95 29 10 18
519 50 55 50 36 30 43 0 9
520 62 77 62 50 42 65 0 9
521 80 115 80 65 55 93 0 9
522 45 60 32 50 32 76 3 18
523 75 100 63 80 63 116 3 18
524 55 75 85 25 25 15 12 18
525 70 105 105 50 40 20 12 18
526 85 135 130 60 80 25 12 18
527 65 45 43 55 43 72 10 9
528 67 57 55 77 55 114 10 9
529 60 85 40 30 45 68 8 18
530 110 135 60 50 65 88 8 16
531 103 60 86 60 86 50 0 18
531 103 60 126 80 126 50 0 17
532 75 80 55 25 35 35 6 18
533 85 105 85 40 50 40 6 18
534 105 140 95 55 65 45 6 18
535 50 50 40 50 40 64 2 18
536 75 65 55 65 55 69 2 8
537 105 95 75 85 75 74 2 8
538 120 100 85 30 85 45 6 18
539 75 125 75 30 75 85 6 18
540 45 53 70 40 60 42 11 4
541 55 63 90 50 80 42 11 4
542 75 103 80 70 80 92 11 4
543 30 45 59 30 39 57 11 7
544 40 55 99 40 79 47 11 7
545 60 100 89 55 69 112 11 7
546 40 27 60 37 50 66 4 17
547 60 67 85 77 75 116 4 17
548 45 35 50 70 50 30 4 18
549 70 60 75 110 75 90 4 18
549 70 105 75 50 75 105 4 6
550 70 92 65 80 55 98 2 18
550 70 92 65 80 55 98 2 18
550 70 92 65 80 55 98 2 18
551 50 72 35 35 35 65 8 15
552 60 82 45 45 45 74 8 15
553 95 117 80 65 70 92 8 15
554 70 90 45 15 45 50 1 18
554 70 90 45 15 45 50 5 18
555 105 140 55 30 55 95 1 18
555 105 30 105 140 105 55 1 10
555 105 140 55 30 55 95 5 18
555 105 160 55 30 55 135 5 1
556 75 86 67 106 67 60 4 18
557 50 65 85 35 35 55 11 12
558 70 105 125 65 75 45 11 12
559 50 75 70 35 70 48 15 6
560 65 90 115 45 115 58 15 6
561 72 58 80 103 80 97 10 9
562 38 30 85 55 65 30 13 18
562 38 55 85 30 65 30 8 13
563 58 50 145 95 105 30 13 18
564 54 78 103 53 45 22 2 12
565 74 108 133 83 65 32 2 12
566 55 112 45 74 45 70 12 9
567 75 140 65 112 65 110 12 9
568 50 50 62 40 62 65 7 18
569 80 95 82 60 82 75 7 18
570 40 65 40 80 40 65 15 18
570 35 60 40 85 40 70 0 13
571 60 105 60 120 60 105 15 18
571 55 100 60 125 60 110 0 13
572 55 50 40 40 40 75 0 18
573 75 95 60 65 60 115 0 18
574 45 30 50 55 65 45 10 18
575 60 45 70 75 85 55 10 18
576 70 55 95 95 110 65 10 18
577 45 30 40 105 50 20 10 18
578 65 40 50 125 60 30 10 18
579 110 65 75 125 85 30 10 18
580 62 44 50 44 50 55 2 9
581 75 87 63 87 63 98 2 9
582 36 50 50 65 60 44 5 18
583 51 65 65 80 75 59 5 18
584 71 95 85 110 95 79 5 18
585 60 60 50 40 50 75 0 4
586 80 100 70 60 70 95 0 4
587 55 75 60 75 60 103 3 9
588 50 75 45 40 45 60 11 18
589 70 135 105 60 105 20 11 16
590 69 55 45 55 55 15 4 7
591 114 85 70 85 80 30 4 7
592 55 40 50 65 85 40 2 13
593 100 60 70 85 105 60 2 13
594 165 75 80 40 45 65 2 18
595 50 47 50 57 50 65 11 3
596 70 77 60 97 60 108 11 3
597 44 50 91 24 86 10 4 16
598 74 94 131 54 116 20 4 16
599 40 55 70 45 60 30 16 18
600 60 80 95 70 85 50 16 18
601 60 100 115 70 85 90 16 18
602 35 55 40 45 40 60 3 18
603 65 85 70 75 70 40 3 18
604 85 115 80 105 80 50 3 18
605 55 55 55 85 55 30 10 18
606 75 75 75 125 95 40 10 18
607 50 30 55 65 55 20 13 1
608 60 40 60 95 60 55 13 1
609 60 55 90 145 90 80 13 1
610 46 87 60 30 40 57 14 18
611 66 117 70 40 50 67 14 18
612 76 147 90 60 70 97 14 18
613 55 70 40 60 40 40 5 18
614 95 130 80 70 80 50 5 18
615 80 50 50 95 135 105 5 18
616 50 40 85 40 65 25 11 18
617 80 70 40 100 60 145 11 18
618 109 66 84 81 99 32 8 3
618 109 81 99 66 84 32 8 16
619 45 85 50 55 50 65 6 18
620 65 125 60 95 60 105 6 18
621 77 120 90 60 90 48 14 18
622 59 74 50 35 50 35 8 13
623 89 124 80 55 80 55 8 13
624 45 85 70 40 40 60 15 16
625 65 125 100 60 70 70 15 16
626 95 110 95 40 95 55 0 18
627 70 83 50 37 50 60 0 9
628 100 123 75 57 75 80 0 9
628 110 83 70 112 70 65 10 9
629 70 55 75 45 65 60 15 9
630 110 65 105 55 95 80 15 9
631 85 97 66 105 66 65 1 18
632 58 109 112 48 48 109 11 16
633 52 65 50 45 50 38 15 14
634 72 85 70 65 70 58 15 14
635 92 105 90 125 90 98 15 14
636 55 85 55 50 55 60 11 1
637 85 60 65 135 105 100 11 1
638 91 90 129 90 72 108 16 6
639 91 129 90 72 90 108 12 6
640 91 90 72 90 129 108 4 6
641 79 115 70 125 80 111 9 18
641 79 100 80 110 90 121 9 18
642 79 115 70 125 80 111 3 9
642 79 105 70 145 80 101 3 9
643 100 120 100 150 120 90 14 1
644 100 150 120 120 100 90 14 3
645 89 125 90 115 80 101 8 9
645 89 145 90 105 80 91 8 9
646 125 130 90 130 90 95 14 5
646 125 120 90 170 100 95 14 5
646 125 170 100 120 90 95 14 5
647 91 72 90 129 90 108 2 6
647 91 72 90 129 90 108 2 6
648 100 77 77 128 128 90 0 10
648 100 128 90 77 77 128 0 6
649 71 120 95 120 95 99 11 16
650 56 61 65 48 45 38 4 18
651 61 78 95 56 58 57 4 18
652 88 107 122 74 75 64 4 6
653 40 45 40 62 60 60 1 18
654 59 59 58 90 70 73 1 18
655 75 69 72 114 100 104 1 10
656 41 56 40 62 44 71 2 18
657 54 63 52 83 56 97 2 18
658 72 95 67 103 71 122 2 15
658 72 145 67 153 71 132 2 15
659 38 36 38 32 36 57 0 18
660 85 56 77 50 77 78 0 8
661 45 50 43 40 38 62 0 9
662 62 73 55 56 52 84 1 9
663 78 81 71 74 69 126 1 9
664 38 35 40 27 25 35 11 18
665 45 22 60 27 30 29 11 18
666 80 52 50 90 50 89 11 9
667 62 50 58 73 54 72 1 0
668 86 68 72 109 66 106 1 0
669 44 38 39 61 79 42 17 18
670 54 45 47 75 98 52 17 18
671 78 65 68 112 154 75 17 18
672 66 65 48 62 57 52 4 18
673 123 100 62 97 81 68 4 18
674 67 82 62 46 48 43 6 18
675 95 124 78 69 71 58 6 15
676 75 80 60 65 90 102 0 18
677 62 48 54 63 60 68 10 18
678 74 48 76 83 81 104 10 18
678 74 48 76 83 81 104 10 18
679 45 80 100 35 37 28 16 13
680 59 110 150 45 49 35 16 13
681 60 50 140 50 140 60 16 13
681 60 140 50 140 50 60 16 13
682 78 52 60 63 65 23 17 18
683 101 72 72 99 89 29 17 18
684 62 48 66 59 57 49 17 18
685 82 80 86 85 75 72 17 18
686 53 54 53 37 46 45 15 10
687 86 92 88 68 75 73 15 10
688 42 52 67 39 56 50 12 2
689 72 105 115 54 86 68 12 2
690 50 60 60 60 60 30 7 2
691 65 75 90 97 123 44 7 14
692 50 53 62 58 63 44 2 18
693 71 73 88 120 89 59 2 18
694 44 38 33 61 43 70 3 0
695 62 55 52 109 94 109 3 0
696 58 89 77 45 45 48 12 14
697 82 121 119 69 59 71 12 14
698 77 59 50 67 63 46 12 5
699 123 77 72 99 92 58 12 5
700 95 65 65 110 130 60 17 18
701 78 92 75 74 63 118 6 9
702 67 58 57 81 67 101 3 17
703 50 50 150 50 150 50 12 17
704 45 50 35 55 75 40 14 18
705 68 75 53 83 113 60 14 18
705 58 75 83 83 113 40 16 14
706 90 100 70 110 150 80 14 18
706 80 100 100 110 150 60 16 14
707 57 80 91 80 87 75 16 17
708 43 70 48 50 60 38 13 4
709 85 110 76 65 82 56 13 4
710 49 66 70 44 55 51 13 4
710 44 66 70 44 55 56 13 4
710 54 66 70 44 55 46 13 4
710 59 66 70 44 55 41 13 4
711 65 90 122 58 75 84 13 4
711 55 85 122 58 75 99 13 4
711 75 95 122 58 75 69 13 4
711 85 100 122 58 75 54 13 4
712 55 69 85 32 35 28 5 18
713 95 117 184 44 46 28 5 18
713 95 127 184 34 36 38 5 12
714 40 30 35 45 40 55 9 14
715 85 70 80 97 80 123 9 14
716 126 131 95 131 98 99 17 18
717 126 131 95 131 98 99 15 9
718 108 100 121 81 95 95 14 8
718 54 100 71 61 85 115 14 8
718 216 100 121 91 95 85 14 8
719 50 100 150 100 150 50 12 17
719 50 160 110 160 110 110 12 17
720 80 110 60 150 130 70 10 13
720 80 160 60 170 130 80 10 15
721 80 110 120 130 90 70 1 2
722 68 55 55 50 50 42 4 9
723 78 75 75 70 70 52 4 9
724 78 107 75 100 100 70 4 13
724 88 112 80 95 95 60 4 6
725 45 65 40 60 40 70 1 18
726 65 85 50 80 50 90 1 18
727 95 115 90 80 90 60 1 15
728 50 54 54 66 56 40 2 18
729 60 69 69 91 81 50 2 18
730 80 74 74 126 116 60 2 17
731 35 75 30 30 30 65 0 9
732 55 85 50 40 50 75 0 9
733 80 120 75 75 75 60 0 9
734 48 70 30 30 30 45 0 18
735 88 110 60 55 60 45 0 18
736 47 62 45 55 45 46 11 18
737 57 82 95 55 75 36 11 3
738 77 70 90 145 75 43 11 3
739 47 82 57 42 47 63 6 18
740 97 132 77 62 67 43 6 5
741 75 70 70 98 70 93 1 9
741 75 70 70 98 70 93 3 9
741 75 70 70 98 70 93 10 9
741 75 70 70 98 70 93 13 9
742 40 45 40 55 40 84 11 17
743 60 55 60 95 70 124 11 17
744 45 65 40 30 40 60 12 18
744 45 65 40 30 40 60 12 18
745 75 115 65 55 65 112 12 18
745 85 115 75 55 75 82 12 18
745 75 117 65 55 65 110 12 18
746 45 20 20 25 25 40 2 18
746 45 140 130 140 135 30 2 18
747 50 53 62 43 52 45 7 2
748 50 63 152 53 142 35 7 2
749 70 100 70 45 55 45 8 18
750 100 125 100 55 85 35 8 18
751 38 40 52 40 72 27 2 11
752 68 70 92 50 132 42 2 11
753 40 55 35 50 35 35 4 18
754 70 105 90 80 90 45 4 18
755 40 35 55 65 75 15 4 17
756 60 45 80 90 100 30 4 17
757 48 44 40 71 40 77 7 1
758 68 64 60 111 60 117 7 1
759 70 75 50 45 50 50 0 6
760 120 125 80 55 60 60 0 6
761 42 30 38 30 38 32 4 18
762 52 40 48 40 48 62 4 18
763 72 120 98 50 98 72 4 18
764 51 52 90 82 110 100 17 18
765 90 60 80 90 110 60 0 10
766 100 120 90 40 60 80 6 18
767 25 35 40 20 30 80 11 2
768 75 125 140 60 90 40 11 2
769 55 55 80 70 45 15 13 8
770 85 75 110 100 75 35 13 8
771 55 60 130 30 130 5 2 18
772 95 95 95 95 95 59 0 18
773 95 95 95 95 95 95 0 18
774 60 60 100 60 100 60 12 9
774 60 100 60 100 60 120 12 9
775 65 115 65 75 95 65 0 18
776 60 78 135 91 85 36 1 14
777 65 98 63 40 73 96 3 16
778 55 90 80 50 105 96 13 17
779 68 105 70 70 70 92 2 10
780 78 60 85 135 91 36 0 14
781 70 131 100 86 90 40 13 4
782 45 55 65 45 45 45 14 18
783 55 75 90 65 70 65 14 6
784 75 110 125 100 105 85 14 6
785 70 115 85 95 75 130 3 17
786 70 85 75 130 115 95 10 17
787 70 130 115 85 95 75 4 17
788 70 75 115 95 130 85 2 17
789 43 29 31 29 31 37 10 18
790 43 29 131 29 131 37 10 18
791 137 137 107 113 89 97 10 16
792 137 113 89 137 107 97 10 13
793 109 53 47 127 131 103 12 7
794 107 139 139 53 53 79 11 6
795 71 137 37 137 37 151 11 6
796 83 89 71 173 71 83 3 18
797 97 101 103 107 101 61 16 9
798 59 181 131 59 31 109 4 16
799 223 101 53 97 53 43 15 14
800 97 107 101 127 89 79 10 18
800 97 157 127 113 109 77 10 16
800 97 113 109 157 127 77 10 13
800 97 167 97 167 97 129 10 14
801 80 95 115 130 115 65 16 17
802 90 125 80 90 90 125 6 13
803 67 73 67 73 67 73 7 18
804 73 73 73 127 73 121 7 14
805 61 131 211 53 101 13 12 16
806 53 127 53 151 79 107 1 13
807 88 112 75 102 80 143 3 18
808 46 65 65 55 35 34 16 18
809 135 143 143 80 65 34 16 18
810 50 65 50 40 40 65 4 18
811 70 85 70 55 60 80 4 18
812 100 125 90 60 70 85 4 18
813 50 71 40 40 40 69 1 18
814 65 86 60 55 60 94 1 18
815 80 116 75 65 75 119 1 18
816 50 40 40 70 40 70 2 18
817 65 60 55 95 55 90 2 18
818 70 85 65 125 65 120 2 18
819 70 55 55 35 35 25 0 18
820 120 95 95 55 75 20 0 18
821 38 47 35 33 35 57 9 18
822 68 67 55 43 55 77 9 18
823 98 87 105 53 85 67 9 16
824 25 20 20 25 45 45 11 18
825 50 35 80 50 90 30 11 10
826 60 45 110 80 120 90 11 10
827 40 28 28 47 52 50 15 18
828 70 58 58 87 92 90 15 18
829 40 40 60 40 60 10 4 18
830 60 50 90 80 120 60 4 18
831 42 40 55 40 45 48 0 18
832 72 80 100 60 90 88 0 18
833 50 64 50 38 38 44 2 18
834 90 115 90 48 68 74 2 12
835 59 45 50 40 50 26 3 18
836 69 90 60 90 60 121 3 18
837 30 40 50 40 50 30 12 18
838 80 60 90 60 70 50 12 1
839 110 80 120 80 90 30 12 1
840 40 40 80 40 40 20 4 14
841 70 110 80 95 60 70 4 14
842 110 85 80 100 80 30 4 14
843 52 57 75 35 50 46 8 18
844 72 107 125 65 70 71 8 18
845 70 85 55 85 95 85 9 2
846 41 63 40 40 30 66 2 18
847 61 123 60 60 50 136 2 18
848 40 38 35 54 35 40 3 7
849 75 98 70 114 70 75 3 7
849 75 98 70 114 70 75 3 7
850 50 65 45 50 50 45 1 11
851 100 115 65 90 90 65 1 11
852 50 68 60 50 50 32 6 18
853 80 118 90 70 80 42 6 18
854 40 45 45 74 54 50 13 18
855 60 65 65 134 114 70 13 18
856 42 30 45 56 53 39 10 18
857 57 40 65 86 73 49 10 18
858 57 90 95 136 103 29 10 17
859 45 45 30 55 40 50 15 17
860 65 60 45 75 55 70 15 17
861 95 120 65 95 75 60 15 17
862 93 90 101 60 81 95 15 0
863 70 110 100 50 60 50 16 18
864 60 95 50 145 130 30 13 18
865 62 135 95 68 82 65 6 18
866 80 85 75 110 100 70 5 10
867 58 95 145 50 105 30 8 13
868 45 40 40 50 61 34 17 18
869 65 60 75 110 121 64 17 18
870 65 100 100 70 60 75 6 18
871 48 101 95 91 85 15 3 18
872 30 25 35 45 30 20 5 11
873 70 65 60 125 90 65 5 11
874 100 125 135 20 20 70 12 18
875 75 80 110 65 90 50 5 18
875 75 80 70 65 50 130 5 18
876 60 65 55 105 95 95 10 0
876 70 55 65 95 105 85 10 0
877 58 95 58 70 58 97 3 15
877 58 95 58 70 58 97 3 15
878 72 80 49 40 49 40 16 18
879 122 130 69 80 69 30 16 18
880 90 100 90 80 70 75 3 14
881 90 100 90 90 80 55 3 5
882 90 90 100 70 80 75 2 14
883 90 90 100 80 90 55 2 5
884 70 95 115 120 50 85 16 14
885 28 60 30 40 30 82 14 13
886 68 80 50 60 50 102 14 13
887 88 120 75 100 75 142 14 13
888 92 130 115 80 115 138 17 18
888 92 170 115 80 115 148 17 16
889 92 130 115 80 115 138 6 18
889 92 130 145 80 145 128 6 16
890 140 85 95 145 95 130 7 14
890 255 115 250 125 250 130 7 14
891 60 90 60 53 50 72 6 18
892 100 130 100 63 60 97 6 15
892 100 130 100 63 60 97 6 2
893 105 120 105 70 95 105 15 4
894 80 100 50 100 50 200 3 18
895 200 100 50 100 50 80 14 18
896 100 145 130 65 110 30 5 18
897 100 65 60 145 80 130 13 18
898 100 80 80 80 80 80 10 4
898 100 165 150 85 130 50 10 5
898 100 85 80 165 100 150 10 13
899 103 105 72 105 75 65 0 10
900 70 135 95 45 70 85 11 12
901 130 140 105 45 80 50 8 0
902 120 112 65 80 75 78 2 13
902 120 92 65 100 75 78 2 13
903 80 130 60 40 80 120 6 7
904 85 115 95 65 65 85 15 7
905 74 115 70 135 80 106 17 9
905 74 115 110 135 100 46 17 9
