45 49 49 65 65 45 4 7
60 62 63 80 80 60 4 7
80 82 83 100 100 80 4 7
39 52 43 60 50 65 1 18
58 64 58 80 65 80 1 18
78 84 78 109 85 100 1 9
44 48 65 50 64 43 2 18
59 63 80 65 80 58 2 18
79 83 100 85 105 78 2 18
45 30 35 20 20 45 11 18
50 20 55 25 25 30 11 18
60 45 50 90 80 70 11 9
40 35 30 20 20 50 11 7
45 25 50 25 25 35 11 7
65 90 40 45 80 75 11 7
40 45 40 35 35 56 0 9
63 60 55 50 50 71 0 9
83 80 75 70 70 101 0 9
30 56 35 25 35 72 0 18
55 81 60 50 70 97 0 18
40 60 30 31 31 70 0 9
65 90 65 61 61 100 0 9
35 60 44 40 54 55 7 18
60 95 69 65 79 80 7 18
35 55 40 50 50 90 3 18
60 90 55 90 80 110 3 18
50 75 85 20 30 40 8 18
75 100 110 45 55 65 8 18
55 47 52 40 40 41 7 18
70 62 67 55 55 56 7 18
90 92 87 75 85 76 7 8
46 57 40 40 40 50 7 18
61 72 57 55 55 65 7 18
81 102 77 85 75 85 7 8
70 45 48 60 65 35 17 18
95 70 73 95 90 60 17 18
38 41 40 50 65 65 1 18
73 76 75 81 100 100 1 18
115 45 20 45 25 20 0 17
140 70 45 85 50 45 0 17
40 45 35 30 40 55 7 9
75 80 70 65 75 90 7 9
45 50 55 75 65 30 4 7
60 65 70 85 75 40 4 7
75 80 85 110 90 50 4 7
35 70 55 45 55 25 11 4
60 95 80 60 80 30 11 4
60 55 50 40 55 45 11 7
70 65 60 90 75 90 11 7
10 55 25 35 45 95 8 18
35 100 50 50 70 120 8 18
40 45 35 40 40 90 0 18
65 70 60 65 65 115 0 18
50 52 48 65 50 55 2 18
80 82 78 95 80 85 2 18
40 80 35 35 45 70 6 18
65 105 60 60 70 95 6 18
55 70 45 70 50 60 1 18
90 110 80 100 80 95 1 18
40 50 40 40 40 90 2 18
65 65 65 50 50 90 2 18
90 95 95 70 90 70 2 6
25 20 15 105 55 90 10 18
40 35 30 120 70 105 10 18
55 50 45 135 95 120 10 18
70 80 50 35 35 35 6 18
80 100 70 50 60 45 6 18
90 130 80 65 85 55 6 18
50 75 35 70 30 40 4 7
65 90 50 85 45 55 4 7
80 105 65 100 70 70 4 7
40 40 35 50 100 70 2 7
80 70 65 80 120 100 2 7
40 80 100 30 30 20 12 8
55 95 115 45 45 35 12 8
80 120 130 55 65 45 12 8
50 85 55 65 65 90 1 18
65 100 70 80 80 105 1 18
90 65 65 40 40 15 2 10
95 75 110 100 80 30 2 10
25 35 70 95 55 45 3 16
50 60 95 120 70 70 3 16
52 90 55 58 62 60 0 9
35 85 45 35 35 75 0 9
60 110 70 60 60 110 0 9
65 45 55 45 70 45 2 18
90 70 80 70 95 70 2 5
80 80 50 40 50 25 7 18
105 105 75 65 100 50 7 18
30 65 100 45 25 40 2 18
50 95 180 85 45 70 2 5
30 35 30 100 35 80 13 7
45 50 45 115 55 95 13 7
60 65 60 130 75 110 13 7
35 45 160 30 45 70 12 8
60 48 45 43 90 42 10 18
85 73 70 73 115 67 10 18
30 105 90 25 25 50 2 18
55 130 115 50 50 75 2 18
40 30 50 55 55 100 3 18
60 50 70 80 80 150 3 18
60 40 80 60 45 40 4 10
95 95 85 125 75 55 4 10
50 50 95 40 50 35 8 18
60 80 110 50 80 45 8 18
50 120 53 35 110 87 6 18
50 105 79 35 110 76 6 18
90 55 75 60 75 30 0 18
40 65 95 60 45 35 7 18
65 90 120 85 70 60 7 18
80 85 95 30 30 25 8 12
105 130 120 45 45 40 8 12
250 5 5 35 105 50 0 18
65 55 115 100 40 60 4 18
105 95 80 40 80 90 0 18
30 40 70 70 25 60 2 18
55 65 95 95 45 85 2 18
45 67 60 35 50 63 2 18
80 92 65 65 80 68 2 18
30 45 55 70 55 85 2 18
60 75 85 100 85 115 2 10
40 45 65 100 120 90 10 17
70 110 80 55 80 105 11 9
65 50 35 115 95 95 5 10
65 83 57 95 85 105 3 18
65 95 57 100 85 93 1 18
65 125 100 55 70 85 11 18
75 100 95 40 70 110 0 18
20 10 55 15 20 80 2 18
95 125 79 60 100 81 2 9
130 85 80 85 95 60 2 5
48 48 48 48 48 48 0 18
55 55 50 45 65 55 0 18
130 65 60 110 95 65 2 18
65 65 60 110 95 130 3 18
65 130 60 95 110 65 1 18
65 60 70 85 75 40 0 18
35 40 100 90 55 35 12 2
70 60 125 115 70 55 12 2
30 80 90 55 45 55 12 2
60 115 105 65 70 80 12 2
80 105 65 60 75 130 12 9
160 110 65 65 110 30 0 18
90 85 100 95 125 85 5 9
90 90 85 125 90 100 3 9
90 100 90 125 85 90 1 9
41 64 45 50 50 50 14 18
61 84 65 70 70 70 14 18
91 134 95 100 100 80 14 9
106 110 90 154 90 130 10 18
100 100 100 100 100 100 10 18
45 49 65 49 65 45 4 18
60 62 80 63 80 60 4 18
80 82 100 83 100 80 4 18
39 52 43 60 50 65 1 18
58 64 58 80 65 80 1 18
78 84 78 109 85 100 1 18
50 65 64 44 48 43 2 18
65 80 80 59 63 58 2 18
85 105 100 79 83 78 2 18
35 46 34 35 45 20 0 18
85 76 64 45 55 90 0 18
60 30 30 36 56 50 0 9
100 50 50 86 96 70 0 9
40 20 30 40 80 55 11 9
55 35 50 55 110 85 11 9
40 60 40 40 40 30 11 7
70 90 70 60 70 40 11 7
85 90 80 70 80 130 7 9
75 38 38 56 56 67 2 3
125 58 58 76 76 67 2 3
20 40 15 35 35 60 3 18
50 25 28 45 55 15 17 18
90 30 15 40 20 15 0 17
35 20 65 40 65 20 17 18
55 40 85 80 105 40 17 9
40 50 45 70 45 70 10 9
65 75 70 95 70 95 10 9
55 40 40 65 45 35 3 18
70 55 55 80 60 45 3 18
90 75 85 115 90 55 3 18
75 80 95 90 100 50 4 18
70 20 50 20 50 40 2 17
100 50 80 60 80 50 2 17
70 100 115 30 65 30 12 18
90 75 75 90 100 70 2 18
35 35 40 35 55 50 4 9
55 45 50 45 65 80 4 9
75 55 70 55 95 110 4 9
55 70 55 40 55 85 0 18
30 30 30 30 30 30 4 18
75 75 55 105 85 30 4 18
65 65 45 75 45 95 11 9
55 45 45 25 25 15 2 8
95 85 85 65 65 35 2 8
65 65 60 130 95 110 10 18
95 65 110 60 130 65 15 18
60 85 42 85 42 91 15 9
95 75 80 100 110 30 2 10
60 60 60 85 85 85 13 18
48 72 48 72 48 48 10 18
190 33 58 33 58 33 10 18
70 80 65 90 65 85 0 10
50 65 90 35 35 15 11 18
75 90 140 60 60 40 11 16
100 70 70 65 65 45 0 18
65 75 105 35 65 85 8 9
75 85 200 55 65 30 16 8
60 80 50 40 40 30 17 18
90 120 75 60 60 45 17 18
65 95 85 55 55 85 2 7
70 130 100 55 80 65 11 16
20 10 230 10 230 5 11 12
80 125 75 40 95 85 11 6
55 95 55 35 75 115 15 5
60 80 50 50 50 40 0 18
90 130 75 75 75 55 0 18
40 40 40 70 40 20 1 18
60 50 120 90 80 30 1 12
50 50 40 30 30 50 5 8
100 100 80 60 60 50 5 8
65 55 95 65 95 35 2 12
35 65 35 65 35 65 2 18
75 105 75 105 75 45 2 18
45 55 45 65 45 75 5 9
85 40 70 80 140 70 2 9
65 80 140 40 70 70 16 9
45 60 30 80 50 65 15 1
75 90 50 110 80 95 15 1
75 95 95 95 95 85 2 14
90 60 60 40 40 40 8 18
90 120 120 60 60 50 8 18
85 80 90 105 95 60 0 18
73 95 62 85 65 85 0 18
55 20 35 20 45 75 0 18
35 35 35 35 35 35 6 18
50 95 95 35 110 70 6 18
45 30 15 85 65 65 5 10
45 63 37 65 55 95 3 18
45 75 37 70 55 83 1 18
95 80 105 40 70 100 0 18
255 10 10 75 135 55 0 18
90 85 75 115 100 115 3 18
115 115 85 90 75 100 1 18
100 75 115 90 115 85 2 18
50 64 50 45 50 41 12 8
70 84 70 65 70 51 12 8
100 134 110 95 100 61 12 15
106 90 130 90 154 110 10 9
106 130 90 110 154 90 1 9
100 100 100 100 100 100 10 4
40 45 35 65 55 70 4 18
50 65 45 85 65 95 4 18
70 85 65 105 85 120 4 18
45 60 40 70 50 45 1 18
60 85 60 85 60 55 1 6
80 120 70 110 70 80 1 6
50 70 50 50 50 40 2 18
70 85 70 60 70 50 2 8
100 110 90 85 90 60 2 8
35 55 35 30 30 35 15 18
70 90 70 60 60 70 15 18
38 30 41 30 41 60 0 18
78 70 61 50 61 100 0 18
45 45 35 20 30 20 11 18
50 35 55 25 25 15 11 18
60 70 50 100 50 65 11 9
50 35 55 25 25 15 11 18
60 50 70 50 90 65 11 7
40 30 30 40 50 30 2 4
60 50 50 60 70 50 2 4
80 70 70 90 100 70 2 4
40 40 50 30 30 30 4 18
70 70 40 60 40 60 4 15
90 100 60 90 60 80 4 15
40 55 30 30 30 85 0 9
60 85 60 75 50 125 0 9
40 30 30 55 30 85 2 9
60 50 100 95 70 65 2 9
28 25 25 45 35 40 10 17
38 35 35 65 55 50 10 17
68 65 65 125 115 80 10 17
40 30 32 50 52 65 11 2
70 60 62 100 82 80 11 9
60 40 60 40 60 35 4 18
60 130 80 60 60 70 4 6
60 60 60 35 35 30 0 18
80 80 80 55 55 90 0 18
150 160 100 95 65 100 0 18
31 45 90 30 30 40 11 8
61 90 45 50 50 160 11 9
1 90 45 30 30 40 11 13
64 51 23 51 23 28 0 18
84 71 43 71 43 48 0 18
104 91 63 91 73 68 0 18
72 60 30 20 30 25 6 18
144 120 60 40 60 50 6 18
50 20 40 20 40 20 0 17
30 45 135 45 90 30 12 18
50 45 45 35 35 50 0 18
70 65 65 55 55 90 0 18
50 75 75 65 65 50 15 13
50 85 85 55 55 50 16 17
50 70 100 40 40 30 16 12
60 90 140 50 50 40 16 12
70 110 180 60 60 50 16 12
30 40 55 40 55 60 6 10
60 60 75 60 75 80 6 10
40 45 40 65 40 65 3 18
70 75 60 105 60 105 3 18
60 50 40 85 75 95 3 18
60 40 50 75 85 95 3 18
65 73 75 47 85 85 11 18
65 47 75 73 85 85 11 18
50 60 45 100 80 65 4 7
70 43 53 43 53 40 7 18
100 73 83 73 83 55 7 18
45 90 20 65 20 65 2 15
70 120 40 95 40 95 2 15
130 70 35 70 35 60 2 18
170 90 45 90 45 60 2 18
60 60 40 65 45 35 1 8
70 100 70 105 75 40 1 8
70 85 140 85 70 20 1 18
60 25 35 70 80 60 10 18
80 45 65 90 110 80 10 18
60 60 60 60 60 60 0 18
45 100 45 45 45 10 8 18
50 70 50 50 50 70 8 14
80 100 80 80 80 100 8 14
50 85 40 85 40 35 4 18
70 115 60 115 60 55 4 15
45 40 60 40 75 50 0 9
75 70 90 70 105 80 14 9
73 115 60 60 60 90 0 18
73 100 60 100 60 65 7 18
90 55 65 95 85 70 12 10
90 95 85 55 65 70 12 10
50 48 43 46 41 60 2 8
110 78 73 76 71 60 2 8
43 80 65 50 35 35 2 18
63 120 85 90 55 55 2 15
40 40 55 40 70 55 8 10
60 70 105 70 120 75 8 10
66 41 77 61 87 23 12 4
86 81 97 81 107 43 12 4
45 95 50 40 50 75 12 11
75 125 100 70 80 45 12 11
20 15 20 10 55 80 2 18
95 60 79 100 125 81 2 18
70 70 70 70 70 70 0 18
60 90 70 60 120 40 0 18
44 75 35 63 33 45 13 18
64 115 65 83 63 65 13 18
20 40 90 30 90 25 13 18
40 70 130 60 130 25 13 18
99 68 83 72 87 51 4 9
75 50 80 95 90 65 10 18
65 130 60 75 60 75 15 18
95 23 48 23 48 23 10 18
50 50 50 50 50 50 5 18
80 80 80 80 80 80 5 18
70 40 50 55 50 25 5 2
90 60 70 75 70 45 5 2
110 80 90 95 90 65 5 2
35 64 85 74 55 32 2 18
55 104 105 94 75 52 2 18
55 84 105 114 75 52 2 18
100 90 130 45 65 55 2 12
43 30 55 40 65 97 2 18
45 75 60 40 30 50 14 18
65 95 100 60 50 50 14 18
95 135 80 110 80 100 14 9
40 55 80 35 60 30 16 10
60 75 100 55 80 50 16 10
80 135 130 95 90 70 16 10
80 100 200 50 100 50 12 18
80 50 100 100 200 50 5 18
80 75 150 75 150 50 16 18
80 80 90 110 130 110 14 10
80 90 80 130 110 110 14 10
100 100 90 150 140 90 2 18
100 150 140 100 90 90 8 18
105 150 90 150 90 95 14 9
100 100 100 100 100 100 16 10
55 68 64 45 55 31 4 18
75 89 85 55 65 36 4 18
95 109 105 75 85 56 4 8
44 58 44 58 44 61 1 18
64 78 52 78 52 81 1 6
76 104 71 104 71 108 1 6
53 51 53 61 56 40 2 18
64 66 68 81 76 50 2 18
84 86 88 111 101 60 2 16
40 55 30 30 30 60 0 9
55 75 50 40 40 80 0 9
85 120 70 50 60 100 0 9
59 45 40 35 40 31 0 18
79 85 60 55 60 71 0 2
37 25 41 25 41 25 11 18
77 85 51 55 51 65 11 18
45 65 34 40 34 45 3 18
60 85 49 60 49 60 3 18
80 120 79 95 79 70 3 18
40 30 35 50 70 55 4 7
60 70 65 125 105 90 4 7
67 125 40 30 30 58 12 18
97 165 60 65 50 58 12 18
30 42 118 42 88 30 12 16
60 52 168 47 138 30 12 16
70 94 50 94 50 66 11 9
30 30 42 30 42 70 11 9
70 80 102 80 102 40 11 9
60 45 70 45 90 95 3 18
55 65 35 60 30 85 2 18
85 105 55 85 50 115 2 18
45 35 45 62 53 35 4 18
70 60 70 87 78 85 4 18
76 48 48 57 62 34 2 18
111 83 68 92 82 39 2 8
75 100 66 60 66 115 0 18
90 50 34 60 44 70 13 9
150 80 44 90 54 80 13 9
55 66 44 44 56 85 0 18
65 76 84 54 96 105 0 18
60 60 60 105 105 105 13 18
100 125 52 105 52 71 15 9
49 55 42 42 37 85 0 18
71 82 64 64 59 112 0 18
45 30 50 65 50 45 10 18
63 63 47 41 41 74 7 15
103 93 67 71 61 84 7 15
57 24 86 24 86 23 16 10
67 89 116 79 116 33 16 10
50 80 95 10 45 10 12 18
20 25 45 70 90 60 10 17
100 5 5 15 65 30 0 18
76 65 45 92 42 91 0 9
50 92 108 92 108 35 13 15
58 70 45 40 45 42 14 8
68 90 65 50 55 82 14 8
108 130 95 80 85 102 14 8
135 85 40 40 85 5 0 18
40 70 40 35 40 60 6 18
70 110 70 115 70 90 6 16
68 72 78 38 42 32 8 18
108 112 118 68 72 47 8 18
40 50 90 30 55 65 7 11
70 90 110 60 75 95 7 15
48 61 40 61 40 50 7 6
83 106 65 86 65 85 7 6
74 100 72 90 72 46 4 18
49 49 56 49 61 66 2 18
69 69 76 69 86 91 2 18
45 20 50 60 120 50 2 9
60 62 50 62 60 40 4 5
90 92 75 92 85 60 4 5
70 120 65 45 85 125 15 5
70 70 115 130 90 60 3 16
110 85 95 80 95 50 0 18
115 140 130 55 55 40 8 12
100 100 125 110 50 50 4 18
75 123 67 95 85 95 3 18
75 95 67 125 95 83 1 18
85 50 95 120 115 80 17 9
86 76 86 116 56 95 11 9
65 110 130 60 65 95 4 18
65 60 110 130 95 65 5 18
75 95 125 45 75 95 8 9
110 130 80 70 60 80 5 8
85 80 70 135 75 90 0 18
68 125 65 65 115 80 10 6
60 55 145 75 150 40 12 16
45 100 135 65 135 45 13 18
70 80 70 80 70 110 5 13
50 50 77 95 77 91 3 13
75 75 130 75 130 95 10 18
80 105 105 105 105 80 10 18
75 125 70 125 70 115 10 18
100 120 120 150 100 90 16 14
90 120 100 150 120 100 2 14
91 90 106 130 106 77 1 16
110 160 110 80 110 100 0 18
120 70 120 75 130 85 10 18
80 80 80 80 80 80 2 18
100 100 100 100 100 100 2 18
70 90 90 135 90 125 15 18
120 120 120 120 120 120 0 18
100 100 100 100 100 100 10 1
45 45 55 45 55 63 4 18
60 60 75 60 75 83 4 18
75 75 95 75 95 113 4 18
65 63 45 45 45 45 1 18
90 93 55 70 55 55 1 6
110 123 65 100 65 65 1 6
55 55 45 63 45 45 2 18
75 75 60 83 60 60 2 18
95 100 85 108 70 70 2 18
45 55 39 35 39 42 0 18
60 85 69 60 69 77 0 18
45 60 45 25 45 55 0 18
65 80 65 35 65 60 0 18
85 110 90 45 90 80 0 18
41 50 37 50 37 66 15 18
64 88 50 88 50 106 15 18
50 53 48 53 48 64 4 18
75 98 63 98 63 101 4 18
50 53 48 53 48 64 1 18
75 98 63 98 63 101 1 18
50 53 48 53 48 64 2 18
75 98 63 98 63 101 2 18
76 25 45 67 55 24 10 18
116 55 85 107 95 29 10 18
50 55 50 36 30 43 0 9
62 77 62 50 42 65 0 9
80 115 80 65 55 93 0 9
45 60 32 50 32 76 3 18
75 100 63 80 63 116 3 18
55 75 85 25 25 15 12 18
70 105 105 50 40 20 12 18
85 135 130 60 80 25 12 18
65 45 43 55 43 72 10 9
67 57 55 77 55 114 10 9
60 85 40 30 45 68 8 18
110 135 60 50 65 88 8 16
103 60 86 60 86 50 0 18
75 80 55 25 35 35 6 18
85 105 85 40 50 40 6 18
105 140 95 55 65 45 6 18
50 50 40 50 40 64 2 18
75 65 55 65 55 69 2 8
105 95 75 85 75 74 2 8
120 100 85 30 85 45 6 18
75 125 75 30 75 85 6 18
45 53 70 40 60 42 11 4
55 63 90 50 80 42 11 4
75 103 80 70 80 92 11 4
30 45 59 30 39 57 11 7
40 55 99 40 79 47 11 7
60 100 89 55 69 112 11 7
40 27 60 37 50 66 4 17
60 67 85 77 75 116 4 17
45 35 50 70 50 30 4 18
70 60 75 110 75 90 4 18
50 72 35 35 35 65 8 15
60 82 45 45 45 74 8 15
95 117 80 65 70 92 8 15
70 90 45 15 45 50 1 18
75 86 67 106 67 60 4 18
50 65 85 35 35 55 11 12
70 105 125 65 75 45 11 12
50 75 70 35 70 48 15 6
65 90 115 45 115 58 15 6
72 58 80 103 80 97 10 9
38 30 85 55 65 30 13 18
58 50 145 95 105 30 13 18
54 78 103 53 45 22 2 12
74 108 133 83 65 32 2 12
55 112 45 74 45 70 12 9
75 140 65 112 65 110 12 9
50 50 62 40 62 65 7 18
80 95 82 60 82 75 7 18
40 65 40 80 40 65 15 18
60 105 60 120 60 105 15 18
55 50 40 40 40 75 0 18
75 95 60 65 60 115 0 18
45 30 50 55 65 45 10 18
60 45 70 75 85 55 10 18
70 55 95 95 110 65 10 18
45 30 40 105 50 20 10 18
65 40 50 125 60 30 10 18
110 65 75 125 85 30 10 18
62 44 50 44 50 55 2 9
75 87 63 87 63 98 2 9
36 50 50 65 60 44 5 18
51 65 65 80 75 59 5 18
71 95 85 110 95 79 5 18
60 60 50 40 50 75 0 4
80 100 70 60 70 95 0 4
55 75 60 75 60 103 3 9
50 75 45 40 45 60 11 18
70 135 105 60 105 20 11 16
69 55 45 55 55 15 4 7
114 85 70 85 80 30 4 7
55 40 50 65 85 40 2 13
100 60 70 85 105 60 2 13
165 75 80 40 45 65 2 18
50 47 50 57 50 65 11 3
70 77 60 97 60 108 11 3
44 50 91 24 86 10 4 16
74 94 131 54 116 20 4 16
40 55 70 45 60 30 16 18
60 80 95 70 85 50 16 18
60 100 115 70 85 90 16 18
35 55 40 45 40 60 3 18
65 85 70 75 70 40 3 18
85 115 80 105 80 50 3 18
55 55 55 85 55 30 10 18
75 75 75 125 95 40 10 18
50 30 55 65 55 20 13 1
60 40 60 95 60 55 13 1
60 55 90 145 90 80 13 1
46 87 60 30 40 57 14 18
66 117 70 40 50 67 14 18
76 147 90 60 70 97 14 18
55 70 40 60 40 40 5 18
95 130 80 70 80 50 5 18
80 50 50 95 135 105 5 18
50 40 85 40 65 25 11 18
80 70 40 100 60 145 11 18
109 66 84 81 99 32 8 3
45 85 50 55 50 65 6 18
65 125 60 95 60 105 6 18
77 120 90 60 90 48 14 18
59 74 50 35 50 35 8 13
89 124 80 55 80 55 8 13
45 85 70 40 40 60 15 16
65 125 100 60 70 70 15 16
95 110 95 40 95 55 0 18
70 83 50 37 50 60 0 9
100 123 75 57 75 80 0 9
70 55 75 45 65 60 15 9
110 65 105 55 95 80 15 9
85 97 66 105 66 65 1 18
58 109 112 48 48 109 11 16
52 65 50 45 50 38 15 14
72 85 70 65 70 58 15 14
92 105 90 125 90 98 15 14
55 85 55 50 55 60 11 1
85 60 65 135 105 100 11 1
91 90 129 90 72 108 16 6
91 129 90 72 90 108 12 6
91 90 72 90 129 108 4 6
100 120 100 150 120 90 14 1
100 150 120 120 100 90 14 3
125 130 90 130 90 95 14 5
71 120 95 120 95 99 11 16
56 61 65 48 45 38 4 18
61 78 95 56 58 57 4 18
88 107 122 74 75 64 4 6
40 45 40 62 60 60 1 18
59 59 58 90 70 73 1 18
75 69 72 114 100 104 1 10
41 56 40 62 44 71 2 18
54 63 52 83 56 97 2 18
72 95 67 103 71 122 2 15
38 36 38 32 36 57 0 18
85 56 77 50 77 78 0 8
45 50 43 40 38 62 0 9
62 73 55 56 52 84 1 9
78 81 71 74 69 126 1 9
38 35 40 27 25 35 11 18
45 22 60 27 30 29 11 18
80 52 50 90 50 89 11 9
62 50 58 73 54 72 1 0
86 68 72 109 66 106 1 0
44 38 39 61 79 42 17 18
54 45 47 75 98 52 17 18
78 65 68 112 154 75 17 18
66 65 48 62 57 52 4 18
123 100 62 97 81 68 4 18
67 82 62 46 48 43 6 18
95 124 78 69 71 58 6 15
75 80 60 65 90 102 0 18
62 48 54 63 60 68 10 18
45 80 100 35 37 28 16 13
59 110 150 45 49 35 16 13
78 52 60 63 65 23 17 18
101 72 72 99 89 29 17 18
62 48 66 59 57 49 17 18
82 80 86 85 75 72 17 18
53 54 53 37 46 45 15 10
86 92 88 68 75 73 15 10
42 52 67 39 56 50 12 2
72 105 115 54 86 68 12 2
50 60 60 60 60 30 7 2
65 75 90 97 123 44 7 14
50 53 62 58 63 44 2 18
71 73 88 120 89 59 2 18
44 38 33 61 43 70 3 0
62 55 52 109 94 109 3 0
58 89 77 45 45 48 12 14
82 121 119 69 59 71 12 14
77 59 50 67 63 46 12 5
123 77 72 99 92 58 12 5
95 65 65 110 130 60 17 18
78 92 75 74 63 118 6 9
67 58 57 81 67 101 3 17
50 50 150 50 150 50 12 17
45 50 35 55 75 40 14 18
68 75 53 83 113 60 14 18
90 100 70 110 150 80 14 18
57 80 91 80 87 75 16 17
43 70 48 50 60 38 13 4
85 110 76 65 82 56 13 4
55 69 85 32 35 28 5 18
95 117 184 44 46 28 5 18
40 30 35 45 40 55 9 14
85 70 80 97 80 123 9 14
126 131 95 131 98 99 17 18
126 131 95 131 98 99 15 9
50 100 150 100 150 50 12 17
80 110 120 130 90 70 1 2
68 55 55 50 50 42 4 9
78 75 75 70 70 52 4 9
78 107 75 100 100 70 4 13
45 65 40 60 40 70 1 18
65 85 50 80 50 90 1 18
95 115 90 80 90 60 1 15
50 54 54 66 56 40 2 18
60 69 69 91 81 50 2 18
80 74 74 126 116 60 2 17
35 75 30 30 30 65 0 9
55 85 50 40 50 75 0 9
80 120 75 75 75 60 0 9
48 70 30 30 30 45 0 18
88 110 60 55 60 45 0 18
47 62 45 55 45 46 11 18
57 82 95 55 75 36 11 3
77 70 90 145 75 43 11 3
47 82 57 42 47 63 6 18
97 132 77 62 67 43 6 5
40 45 40 55 40 84 11 17
60 55 60 95 70 124 11 17
45 65 40 30 40 60 12 18
50 53 62 43 52 45 7 2
50 63 152 53 142 35 7 2
70 100 70 45 55 45 8 18
100 125 100 55 85 35 8 18
38 40 52 40 72 27 2 11
68 70 92 50 132 42 2 11
40 55 35 50 35 35 4 18
70 105 90 80 90 45 4 18
40 35 55 65 75 15 4 17
60 45 80 90 100 30 4 17
48 44 40 71 40 77 7 1
68 64 60 111 60 117 7 1
70 75 50 45 50 50 0 6
120 125 80 55 60 60 0 6
42 30 38 30 38 32 4 18
52 40 48 40 48 62 4 18
72 120 98 50 98 72 4 18
51 52 90 82 110 100 17 18
90 60 80 90 110 60 0 10
100 120 90 40 60 80 6 18
25 35 40 20 30 80 11 2
75 125 140 60 90 40 11 2
55 55 80 70 45 15 13 8
85 75 110 100 75 35 13 8
55 60 130 30 130 5 2 18
95 95 95 95 95 59 0 18
95 95 95 95 95 95 0 18
65 115 65 75 95 65 0 18
60 78 135 91 85 36 1 14
65 98 63 40 73 96 3 16
55 90 80 50 105 96 13 17
68 105 70 70 70 92 2 10
78 60 85 135 91 36 0 14
70 131 100 86 90 40 13 4
45 55 65 45 45 45 14 18
55 75 90 65 70 65 14 6
75 110 125 100 105 85 14 6
70 115 85 95 75 130 3 17
70 85 75 130 115 95 10 17
70 130 115 85 95 75 4 17
70 75 115 95 130 85 2 17
43 29 31 29 31 37 10 18
43 29 131 29 131 37 10 18
137 137 107 113 89 97 10 16
137 113 89 137 107 97 10 13
109 53 47 127 131 103 12 7
107 139 139 53 53 79 11 6
71 137 37 137 37 151 11 6
83 89 71 173 71 83 3 18
97 101 103 107 101 61 16 9
59 181 131 59 31 109 4 16
223 101 53 97 53 43 15 14
97 107 101 127 89 79 10 18
80 95 115 130 115 65 16 17
90 125 80 90 90 125 6 13
67 73 67 73 67 73 7 18
73 73 73 127 73 121 7 14
61 131 211 53 101 13 12 16
53 127 53 151 79 107 1 13
88 112 75 102 80 143 3 18
46 65 65 55 35 34 16 18
135 143 143 80 65 34 16 18
50 65 50 40 40 65 4 18
70 85 70 55 60 80 4 18
100 125 90 60 70 85 4 18
50 71 40 40 40 69 1 18
65 86 60 55 60 94 1 18
80 116 75 65 75 119 1 18
50 40 40 70 40 70 2 18
65 60 55 95 55 90 2 18
70 85 65 125 65 120 2 18
70 55 55 35 35 25 0 18
120 95 95 55 75 20 0 18
38 47 35 33 35 57 9 18
68 67 55 43 55 77 9 18
98 87 105 53 85 67 9 16
25 20 20 25 45 45 11 18
50 35 80 50 90 30 11 10
60 45 110 80 120 90 11 10
40 28 28 47 52 50 15 18
70 58 58 87 92 90 15 18
40 40 60 40 60 10 4 18
60 50 90 80 120 60 4 18
42 40 55 40 45 48 0 18
72 80 100 60 90 88 0 18
50 64 50 38 38 44 2 18
90 115 90 48 68 74 2 12
59 45 50 40 50 26 3 18
69 90 60 90 60 121 3 18
30 40 50 40 50 30 12 18
80 60 90 60 70 50 12 1
110 80 120 80 90 30 12 1
40 40 80 40 40 20 4 14
70 110 80 95 60 70 4 14
110 85 80 100 80 30 4 14
52 57 75 35 50 46 8 18
72 107 125 65 70 71 8 18
70 85 55 85 95 85 9 2
41 63 40 40 30 66 2 18
61 123 60 60 50 136 2 18
40 38 35 54 35 40 3 7
50 65 45 50 50 45 1 11
100 115 65 90 90 65 1 11
50 68 60 50 50 32 6 18
80 118 90 70 80 42 6 18
40 45 45 74 54 50 13 18
60 65 65 134 114 70 13 18
42 30 45 56 53 39 10 18
57 40 65 86 73 49 10 18
57 90 95 136 103 29 10 17
45 45 30 55 40 50 15 17
65 60 45 75 55 70 15 17
95 120 65 95 75 60 15 17
93 90 101 60 81 95 15 0
70 110 100 50 60 50 16 18
60 95 50 145 130 30 13 18
62 135 95 68 82 65 6 18
80 85 75 110 100 70 5 10
58 95 145 50 105 30 8 13
45 40 40 50 61 34 17 18
65 60 75 110 121 64 17 18
65 100 100 70 60 75 6 18
48 101 95 91 85 15 3 18
30 25 35 45 30 20 5 11
70 65 60 125 90 65 5 11
100 125 135 20 20 70 12 18
72 80 49 40 49 40 16 18
122 130 69 80 69 30 16 18
90 100 90 80 70 75 3 14
90 100 90 90 80 55 3 5
90 90 100 70 80 75 2 14
90 90 100 80 90 55 2 5
70 95 115 120 50 85 16 14
28 60 30 40 30 82 14 13
68 80 50 60 50 102 14 13
88 120 75 100 75 142 14 13
140 85 95 145 95 130 7 14
60 90 60 53 50 72 6 18
105 120 105 70 95 105 15 4
80 100 50 100 50 200 3 18
200 100 50 100 50 80 14 18
100 145 130 65 110 30 5 18
100 65 60 145 80 130 13 18
100 80 80 80 80 80 10 4
103 105 72 105 75 65 0 10
70 135 95 45 70 85 11 12
130 140 105 45 80 50 8 0
80 130 60 40 80 120 6 7
85 115 95 65 65 85 15 7
