0 0 0 0 0 0 0 0 0 0 0
4 20 100 25 1 0 1 0 0 0 0
12 40 100 20 1 1 3 0 0 0 0
7 40 100 30 1 0 1 0 0 0 0
7 0 -1 20 1 0 2 0 0 0 1
7 40 100 20 1 0 1 0 0 0 0
9 55 100 15 1 0 3 0 0 0 0
0 0 -1 30 1 0 2 0 0 0 1
9 60 -1 20 1 0 3 0 0 0 0
9 100 95 5 2 0 1 0 0 0 0
0 0 -1 15 1 0 2 0 0 0 0
10 0 -1 30 1 0 2 0 0 0 1
9 60 95 25 2 0 1 0 0 0 0
9 75 95 15 1 0 1 0 0 0 0
17 80 100 10 1 0 1 0 0 0 0
10 0 -1 15 1 2 2 0 0 0 1
10 0 -1 20 1 0 2 0 0 0 1
16 80 100 20 1 0 3 0 0 0 0
12 60 100 5 1 0 1 0 0 0 0
4 80 100 10 1 0 1 0 0 0 0
2 70 100 20 2 0 3 0 0 0 0
2 40 100 20 1 1 3 0 0 0 0
2 0 -1 20 1 0 2 0 0 0 1
2 80 100 10 1 0 3 0 0 0 0
2 90 90 10 1 0 3 0 0 0 0
1 120 100 5 1 0 1 0 0 0 0
6 15 100 20 1 0 3 0 0 0 0
4 0 -1 5 1 0 2 0 0 0 3
17 0 -1 20 1 0 2 0 0 0 4
0 0 -1 20 1 0 2 0 0 0 1
15 60 100 10 1 0 3 0 0 0 0
13 30 100 15 1 0 3 0 0 0 0
13 120 100 5 1 0 1 0 0 0 0
11 90 100 15 2 0 3 0 0 0 0
0 0 100 15 1 0 2 0 0 0 0
6 80 -1 20 1 0 1 0 0 0 0
3 110 100 10 1 0 3 0 0 0 0
5 65 100 20 1 0 1 0 0 0 0
5 0 -1 20 1 0 2 0 0 0 5
16 0 -1 15 1 0 2 0 0 0 1
5 60 100 10 1 -4 3 0 0 0 0
6 120 90 10 1 0 3 0 0 0 0
17 0 100 30 1 1 2 0 0 0 0
7 0 -1 10 1 4 2 0 0 0 1
7 60 100 10 1 0 3 0 0 0 0
0 15 85 20 1 0 3 0 0 0 0
10 0 -1 20 1 0 2 0 0 0 1
0 0 -1 40 1 0 2 0 0 0 1
9 100 100 15 1 -3 3 0 0 0 0
15 0 100 10 1 0 3 0 0 0 0
16 100 100 5 1 0 3 0 0 0 0
16 100 100 5 1 0 3 0 0 0 0
7 120 90 10 1 0 1 0 0 0 0
0 0 -1 10 1 0 2 0 0 0 1
0 0 -1 15 1 0 2 0 0 0 0
0 0 -1 10 1 1 3 0 0 0 1
0 15 85 20 1 0 3 0 0 0 0
15 60 100 25 1 0 3 0 0 0 0
1 90 100 10 1 0 3 0 0 0 0
13 75 100 10 1 0 1 0 0 0 0
1 150 90 5 1 0 1 0 0 0 0
1 85 90 10 2 0 3 0 0 0 0
1 80 100 10 1 0 3 0 0 0 0
9 100 80 10 1 0 1 0 0 0 0
5 110 70 5 1 0 1 0 0 0 0
0 0 -1 5 1 0 2 0 0 0 0
0 140 100 5 1 0 1 0 0 0 0
1 130 85 5 1 0 1 0 0 0 0
6 80 100 10 1 0 3 0 0 0 0
0 85 100 15 1 0 3 0 0 0 0
3 85 100 10 1 0 3 0 0 0 0
3 130 85 5 1 0 3 0 0 0 0
8 65 85 20 1 0 3 0 0 0 0
8 50 90 10 1 0 3 0 0 0 0
8 25 90 10 1 0 3 0 0 0 0
0 140 100 10 1 0 1 0 0 0 0
9 85 85 5 1 0 3 0 0 0 0
4 40 100 40 1 0 3 0 0 0 0
9 120 100 15 1 0 3 0 0 0 0
14 60 100 15 1 0 3 0 0 0 0
6 75 100 15 1 0 3 0 0 0 0
2 65 100 10 1 0 1 0 0 0 0
15 60 100 20 1 0 3 0 0 0 0
2 40 100 30 1 0 1 0 0 0 0
2 65 100 20 1 0 1 0 0 0 0
11 60 100 20 1 0 3 0 0 0 0
11 90 100 10 1 0 1 0 0 0 0
6 0 -1 20 1 0 2 0 0 0 1
8 60 100 20 1 0 3 0 0 0 0
16 40 100 30 1 1 3 0 0 0 0
4 25 100 30 1 0 3 0 0 0 0
1 0 -1 10 1 4 2 0 0 0 1
1 70 100 5 1 0 1 0 0 0 0
1 130 100 5 1 0 1 0 0 0 0
10 0 -1 20 1 0 2 0 0 0 1
0 0 -1 20 1 0 2 0 0 0 1
0 0 100 20 1 0 2 0 0 0 0
15 65 90 15 1 0 3 0 0 0 0
0 0 -1 40 1 0 2 0 0 0 1
3 0 -1 20 1 0 2 0 0 0 1
3 50 90 10 1 0 1 0 0 0 0
17 0 100 20 1 0 2 0 0 0 0
9 65 100 20 1 0 1 0 0 0 0
2 50 100 20 1 0 1 0 0 0 0
5 0 -1 10 1 0 2 0 1 0 7
0 70 100 20 1 0 3 0 0 0 0
4 150 95 5 1 0 1 0 0 0 0
6 60 90 10 1 -6 3 0 0 0 0
2 35 85 15 1 0 3 0 0 0 0
14 110 100 5 1 0 1 0 0 0 0
14 0 100 5 1 0 2 0 0 0 1
7 50 -1 15 1 0 1 0 0 0 0
6 120 100 5 1 0 3 0 0 0 0
6 0 -1 10 1 0 2 0 0 0 4
7 0 -1 20 1 0 2 0 0 0 1
6 100 100 5 1 0 3 0 0 0 0
6 100 100 10 1 0 3 0 0 0 0
0 18 85 15 1 0 3 0 0 0 0
15 0 100 10 1 0 3 0 0 0 8
0 0 -1 20 1 0 2 0 0 0 0
13 0 100 10 1 0 2 0 0 0 0
10 50 100 25 1 0 1 0 0 0 0
0 10 100 35 1 0 3 0 0 0 0
0 0 -1 30 1 0 2 0 0 0 1
0 0 -1 30 1 0 2 0 0 0 0
0 0 -1 20 1 0 2 0 0 0 1
14 100 100 10 1 0 1 0 0 0 0
7 0 100 40 1 0 2 0 0 0 0
10 0 -1 20 1 0 2 0 0 0 1
4 0 -1 10 1 0 2 0 0 0 1
4 0 100 40 1 0 2 0 0 0 0
6 0 100 20 1 -5 3 0 0 0 8
0 0 100 10 1 0 2 0 0 0 7
0 60 100 25 1 0 3 0 0 0 0
2 100 90 10 2 0 3 0 0 0 0
17 0 -1 10 1 3 2 0 0 0 5
6 100 80 5 2 0 3 0 0 0 0
7 70 100 20 2 0 3 0 0 0 0
15 80 100 15 1 0 3 0 0 0 0
0 75 95 10 1 0 3 0 0 0 0
0 0 100 5 1 0 3 0 0 0 0
13 0 -1 10 1 0 2 0 0 0 0
0 50 95 30 1 0 3 0 0 0 0
15 85 100 10 1 0 3 0 0 0 0
15 80 100 15 1 0 1 0 0 0 0
15 0 50 10 1 0 2 5 0 0 0
17 80 100 10 1 0 1 0 0 0 0
17 0 -1 15 1 0 2 0 0 0 0
11 0 -1 10 1 0 2 0 0 0 1
0 0 -1 40 1 0 2 0 0 0 1
9 0 -1 15 1 0 2 0 0 0 0
13 0 -1 5 1 0 2 0 0 0 1
6 0 -1 5 1 4 2 0 0 0 1
12 100 95 5 1 0 3 0 0 0 0
8 80 100 10 1 0 3 0 0 0 0
0 0 100 20 1 0 2 0 0 0 0
17 40 -1 15 1 0 1 0 0 0 0
3 80 100 15 1 0 1 0 0 0 0
7 80 100 15 1 0 3 0 0 0 0
2 80 100 10 1 0 3 0 0 0 0
0 70 100 10 1 0 3 0 0 0 0
0 0 100 10 1 0 2 0 0 0 0
16 140 100 5 1 0 1 0 0 0 0
0 120 100 15 1 0 3 0 0 0 0
0 35 90 10 1 0 3 0 0 0 0
16 60 100 5 1 0 3 0 0 0 0
6 30 100 30 1 0 3 0 0 0 0
3 120 100 5 1 0 3 0 0 0 0
0 15 85 10 1 0 3 0 0 0 0
0 0 -1 15 1 0 2 0 0 0 1
14 130 90 5 1 0 1 0 0 0 0
9 120 100 5 1 0 3 0 0 0 0
14 60 100 20 1 0 1 0 0 0 0
14 0 -1 15 1 0 2 0 0 0 4
14 80 100 15 1 0 3 0 0 0 0
14 0 -1 20 1 0 2 0 0 0 1
14 50 100 10 1 0 3 0 0 0 0
14 150 100 5 1 0 1 0 0 0 0
14 90 100 15 1 0 3 0 0 0 0
14 85 100 10 1 0 1 0 0 0 0
14 0 100 10 1 0 1 0 0 0 0
14 100 75 10 1 0 3 0 0 0 0
14 60 90 10 1 -6 3 0 0 0 0
17 50 100 10 1 0 1 0 0 0 0
6 75 100 10 1 0 3 0 0 0 0
10 100 100 15 1 0 1 0 0 0 0
9 80 100 20 1 0 3 0 0 0 0
8 80 95 10 2 0 3 0 0 0 0
4 80 100 10 1 0 3 0 0 0 0
14 40 90 15 1 0 3 0 0 0 0
9 40 90 10 1 0 3 0 0 0 0
14 100 100 5 1 0 1 0 0 0 0
6 100 50 5 1 0 3 0 0 0 0
8 90 100 10 1 0 1 0 0 0 0
8 100 100 10 1 0 3 0 0 0 0
0 40 100 15 1 0 1 0 0 0 0
3 0 100 15 1 0 2 0 0 0 0
10 80 100 5 1 0 1 0 0 0 0
0 100 75 10 1 0 3 0 0 0 0
3 0 -1 10 1 0 2 0 0 1 7
3 0 -1 20 1 0 2 0 0 0 0
3 0 100 10 1 0 1 0 0 0 0
3 100 100 5 1 0 1 0 0 0 0
3 130 100 10 1 0 1 0 0 0 0
3 55 95 15 1 0 1 0 0 0 0
15 0 100 15 1 0 2 0 0 0 0
1 40 100 25 1 0 1 0 0 0 0
0 0 100 5 1 0 2 0 0 0 0
0 0 100 5 1 0 3 0 0 0 0
0 0 -1 10 1 4 2 0 0 0 1
4 90 100 10 1 0 1 0 0 0 0
0 0 100 15 1 0 2 0 0 0 0
1 150 100 5 1 0 1 0 0 0 0
10 80 100 10 2 0 1 0 0 0 0
14 160 90 5 1 0 1 0 0 0 0
10 80 100 10 1 0 1 0 0 0 0
0 250 100 5 1 0 3 0 0 0 0
10 80 100 20 1 0 1 0 0 0 0
0 80 100 5 1 2 3 0 0 0 0
0 70 100 20 1 0 3 0 0 0 0
17 0 -1 10 1 0 2 0 0 0 7
17 40 100 30 1 0 1 0 0 0 0
0 40 100 10 1 3 3 0 0 0 0
15 0 100 20 1 0 2 0 0 0 0
15 80 -1 10 1 0 3 0 0 0 0
0 40 100 40 1 0 3 0 0 0 0
9 0 100 15 1 0 2 0 0 0 0
0 30 100 10 1 2 3 0 0 0 0
15 60 -1 20 1 0 3 0 0 0 0
11 50 100 25 1 0 3 0 0 0 0
14 80 100 5 1 0 1 0 0 0 0
1 80 100 10 1 0 1 0 0 0 0
15 90 100 10 1 0 1 0 0 0 0
0 0 -1 10 1 0 2 0 0 0 1
6 0 100 5 1 0 1 0 0 0 0
1 110 85 5 1 0 1 0 0 0 0
1 65 95 15 1 0 3 0 0 0 0
1 80 100 15 1 0 3 0 0 0 0
1 80 100 10 1 0 1 0 0 0 0
1 75 100 15 1 0 3 0 0 0 0
1 35 85 15 1 0 1 0 0 0 0
11 90 100 10 1 2 3 0 0 0 0
2 85 100 10 1 0 3 0 0 0 0
8 0 30 5 1 0 3 0 0 0 0
0 0 100 15 1 0 3 0 0 0 0
1 70 100 15 1 0 1 0 0 0 0
1 50 100 20 1 0 3 0 0 0 0
1 60 100 25 1 0 3 0 0 0 0
1 90 100 15 1 0 1 0 0 0 0
1 120 100 15 1 0 3 0 0 0 0
0 0 100 20 1 0 2 0 0 0 0
16 80 100 10 1 0 1 0 0 0 0
15 0 100 15 1 0 2 0 0 0 0
17 130 90 5 1 0 1 0 0 0 0
15 0 100 10 1 0 3 0 0 0 0
2 60 100 20 1 0 3 0 0 0 0
17 0 -1 10 1 0 2 0 0 0 0
17 0 -1 10 1 0 2 0 0 0 7
4 70 -1 10 1 0 3 0 0 0 0
9 90 95 15 1 0 3 0 0 0 0
6 100 95 10 1 0 3 0 0 0 0
6 120 70 5 1 0 1 0 0 0 0
0 0 -1 30 1 0 2 0 0 0 1
6 150 100 20 1 -3 3 0 0 0 0
0 0 -1 20 1 2 2 0 0 0 1
6 60 100 10 1 0 3 0 0 0 0
0 0 -1 40 1 0 2 0 0 0 0
4 0 100 20 1 0 2 0 0 0 0
15 95 100 15 1 0 3 0 0 0 0
5 70 100 20 1 0 1 0 0 0 0
5 140 90 5 1 0 3 0 0 0 0
10 90 100 10 1 0 1 0 0 0 0
4 150 90 5 1 0 1 0 0 0 0
5 60 90 10 1 0 1 0 0 0 0
0 0 100 20 1 0 3 0 0 0 0
0 15 85 20 1 0 3 0 0 0 0
11 40 95 20 1 0 3 0 0 0 0
0 18 80 15 1 0 3 0 0 0 0
3 100 100 5 1 0 3 0 0 0 0
1 100 100 5 1 0 1 0 0 0 0
10 120 100 10 1 0 1 0 0 0 0
7 0 100 10 1 0 2 0 0 0 0
16 50 85 15 1 0 3 0 0 0 0
16 0 -1 20 1 0 2 0 0 0 5
17 0 -1 10 1 0 2 0 0 0 1
4 75 100 10 1 0 1 0 0 0 0
0 150 90 5 1 0 3 0 0 0 0
16 160 100 5 1 0 3 0 0 0 0
5 120 100 5 1 0 3 0 0 0 0
5 65 95 10 1 0 1 0 0 0 0
14 120 100 5 1 0 3 0 0 0 0
0 0 100 30 1 0 2 3 0 0 0
4 0 100 20 1 0 1 0 0 0 0
4 80 100 10 1 0 1 0 0 0 0
4 0 55 15 1 0 2 5 0 0 0
4 55 100 20 1 0 3 0 0 0 0
4 0 -1 10 1 0 2 0 0 2 7
4 80 100 10 1 0 3 0 0 0 0
10 0 -1 5 1 0 2 0 0 0 7
0 0 100 40 1 0 2 0 0 0 0
0 0 -1 20 1 0 2 0 0 0 1
13 0 -1 5 1 0 2 0 0 0 1
10 0 -1 10 1 0 2 0 0 0 0
10 0 -1 10 1 0 2 0 0 0 0
0 0 30 5 1 0 3 0 0 0 0
7 120 80 5 1 0 3 0 0 0 0
9 40 100 35 1 0 1 0 0 0 0
16 0 100 5 1 0 3 0 0 0 0
5 0 -1 10 1 0 2 0 5 0 7
6 100 90 10 1 0 3 0 0 0 0
0 0 -1 30 1 0 2 0 0 0 5
0 0 -1 30 1 0 2 0 0 0 1
16 0 100 10 1 0 3 0 0 0 0
5 0 -1 30 1 0 2 0 0 0 7
0 70 100 15 1 0 3 0 0 0 0
0 120 100 15 1 0 3 0 0 0 0
8 120 100 5 1 0 3 0 0 0 0
12 150 80 5 1 0 3 0 0 0 0
0 0 -1 5 1 0 2 0 0 0 3
10 0 100 15 1 0 2 0 0 0 0
10 0 -1 10 1 0 2 0 0 0 1
11 0 -1 10 1 0 2 0 0 0 1
10 0 -1 10 1 0 2 0 0 0 0
10 60 100 25 1 0 3 0 0 0 0
10 0 -1 10 1 0 2 0 0 0 0
1 0 100 10 1 0 3 0 0 0 0
1 95 90 10 1 0 1 0 0 0 0
16 0 100 10 1 0 3 0 0 0 0
0 0 -1 20 1 5 2 0 0 0 4
13 65 100 10 1 0 1 0 0 0 0
0 60 100 15 1 0 1 0 0 0 0
11 60 100 15 1 0 1 0 0 0 0
15 60 100 15 1 0 1 0 0 0 0
14 60 100 15 1 0 1 0 0 0 0
3 60 100 15 1 0 1 0 0 0 0
6 60 100 15 1 0 1 0 0 0 0
1 60 100 15 1 0 1 0 0 0 0
9 60 100 15 1 0 1 0 0 0 0
13 60 100 15 1 0 1 0 0 0 0
4 60 100 15 1 0 1 0 0 0 0
8 60 100 15 1 0 1 0 0 0 0
5 60 100 15 1 0 1 0 0 0 0
7 60 100 15 1 0 1 0 0 0 0
10 60 100 15 1 0 1 0 0 0 0
12 60 100 15 1 0 1 0 0 0 0
16 60 100 15 1 0 1 0 0 0 0
2 60 100 15 1 0 1 0 0 0 0
8 95 95 10 1 0 3 0 0 0 0
6 130 90 10 1 0 3 0 0 0 0
0 40 100 40 1 0 3 0 0 0 0
0 0 -1 40 1 0 2 0 0 0 4
15 0 -1 15 1 0 2 0 0 0 1
0 65 100 25 1 0 3 0 0 0 0
0 0 30 5 1 0 3 0 0 0 0
4 75 100 10 1 0 3 0 0 0 0
0 0 -1 40 1 0 2 0 0 0 1
9 110 70 10 1 0 1 0 0 0 0
2 150 90 5 1 0 1 0 0 0 0
2 110 80 5 1 0 1 0 0 0 0
2 80 100 15 1 0 1 0 0 0 0
0 150 90 5 1 0 1 0 0 0 0
0 100 100 5 1 0 3 0 0 0 0
0 80 90 15 1 0 3 0 0 0 0
15 100 -1 5 1 0 3 0 0 0 0
10 80 -1 5 1 0 1 0 0 0 0
0 90 100 10 1 0 1 0 0 0 0
10 0 60 20 1 0 2 5 0 0 0
5 30 90 20 1 0 3 0 0 0 0
5 90 100 10 1 0 1 0 0 0 0
5 140 90 5 1 0 1 0 0 0 0
5 65 95 15 1 0 3 0 0 0 0
5 100 90 10 1 0 3 0 0 0 0
5 75 100 15 1 0 3 0 0 0 0
5 40 100 30 1 1 3 0 0 0 0
5 80 100 15 1 0 3 0 0 0 0
5 85 90 10 1 0 3 0 0 0 0
5 25 100 30 1 0 3 0 0 0 0
5 55 95 15 1 0 1 0 0 0 0
10 0 -1 10 1 0 2 0 0 0 1
1 60 100 15 1 0 1 0 0 0 0
13 60 100 15 1 0 1 0 0 0 0
1 100 50 5 1 0 1 0 0 0 0
11 20 100 20 1 0 1 0 0 0 0
4 0 -1 20 1 0 2 0 0 0 1
10 0 -1 15 1 0 2 0 0 0 0
3 0 -1 25 1 1 2 0 0 0 7
16 0 -1 15 1 0 2 0 0 0 1
16 80 100 15 1 0 3 0 0 0 0
16 100 75 15 1 0 3 0 0 0 0
4 100 100 10 2 0 3 0 0 0 0
15 80 100 10 1 0 3 0 0 0 0
2 60 100 15 1 1 3 0 0 0 0
0 100 100 10 1 0 1 0 0 0 0
6 100 95 10 1 0 3 0 0 0 0
4 0 -1 10 1 0 2 0 0 0 1
6 50 100 25 2 0 3 0 0 0 0
10 0 80 15 1 0 2 0 0 0 0
16 0 -1 10 1 4 2 0 0 0 1
15 65 100 20 1 0 3 0 0 0 0
15 85 -1 10 1 0 3 0 0 0 0
8 90 100 10 1 0 3 0 0 0 0
0 0 -1 30 1 0 2 0 0 0 1
15 75 100 5 1 0 3 0 0 0 0
0 140 100 5 1 0 3 0 0 0 0
13 50 100 10 1 0 3 0 0 0 0
1 80 100 15 1 0 1 0 0 0 0
4 40 100 40 1 0 3 0 0 0 0
4 90 100 15 2 0 3 0 0 0 0
4 130 90 5 1 0 1 0 0 0 0
4 65 90 10 1 0 1 0 0 0 0
11 80 100 10 1 0 3 0 0 0 0
4 0 90 10 1 0 2 0 0 0 0
0 0 100 30 1 0 2 0 0 0 0
13 30 100 30 1 0 3 0 0 0 0
2 0 -1 10 1 0 2 0 0 0 1
17 140 90 5 1 0 1 0 0 0 0
10 0 -1 30 1 0 2 0 0 0 5
2 85 100 10 1 0 3 0 0 0 0
0 0 -1 5 1 0 2 0 0 0 0
0 0 75 10 1 0 2 5 0 0 0
6 0 100 20 1 0 3 0 0 0 0
6 65 100 20 1 0 3 0 0 0 0
0 0 -1 30 1 0 2 0 0 0 5
10 80 100 10 1 0 1 0 0 0 0
10 0 -1 5 1 0 2 0 0 0 1
10 0 -1 10 1 0 2 0 0 0 1
11 80 100 15 1 0 3 0 0 0 0
10 95 100 5 1 0 1 0 0 0 0
6 40 100 30 1 1 3 0 0 0 0
4 60 -1 20 1 0 1 0 0 0 0
17 100 100 10 1 0 3 0 0 0 0
10 0 -1 15 1 4 2 0 0 0 1
10 0 100 20 1 0 2 0 0 0 0
10 0 -1 10 1 0 2 0 0 0 7
1 100 75 5 1 0 1 0 0 0 0
16 60 -1 20 1 0 3 0 0 0 0
3 0 -1 20 1 0 2 0 0 0 5
3 0 -1 10 1 0 2 0 0 0 1
8 0 100 30 1 0 3 0 0 0 0
16 120 100 5 1 0 1 0 0 0 0
7 100 100 5 1 0 1 0 0 0 0
6 0 -1 10 1 0 2 0 0 0 5
4 80 90 15 1 0 1 0 0 0 0
0 0 -1 5 1 0 2 0 0 0 0
10 0 -1 40 1 0 2 0 0 0 1
0 0 -1 20 1 0 2 0 0 0 0
4 40 100 15 1 0 1 0 0 0 0
11 120 85 10 1 0 3 0 0 0 0
0 120 75 5 1 0 3 0 0 0 0
0 80 85 20 1 0 3 0 0 0 0
15 0 100 10 1 0 2 0 0 0 0
16 0 100 10 1 0 3 0 0 0 8
16 50 95 35 1 0 3 0 0 0 0
16 0 85 40 1 0 2 0 0 0 0
6 150 100 5 1 0 3 0 0 0 0
12 120 90 10 1 0 1 0 0 0 0
16 90 90 10 1 0 3 0 0 0 0
0 0 -1 10 1 0 2 0 0 0 1
12 95 100 5 1 0 3 0 0 0 0
0 0 -1 5 1 0 2 0 0 0 1
0 0 -1 10 1 0 2 0 0 0 0
1 150 100 5 1 0 1 0 0 0 0
0 0 -1 5 1 0 2 0 0 0 0
0 0 -1 10 1 0 2 0 0 0 1
10 0 -1 40 1 0 2 0 0 0 0
10 0 100 20 1 -5 1 0 0 0 8
9 0 -1 20 1 0 2 0 0 0 0
16 65 85 10 1 0 1 0 0 0 0
5 0 -1 30 1 0 2 0 0 0 5
10 95 100 5 1 0 1 0 0 0 0
17 100 100 5 1 0 1 0 0 0 0
17 0 -1 10 1 0 2 0 0 3 7
17 95 100 15 1 0 1 0 0 0 0
13 100 100 5 1 0 1 0 0 0 0
17 0 -1 5 1 0 2 0 0 0 1
0 0 -1 5 1 0 2 0 0 0 1
7 30 100 15 1 0 3 0 0 0 0
5 100 85 10 1 0 3 0 0 0 0
8 65 85 10 1 0 1 0 0 0 0
8 55 95 15 1 0 1 0 0 0 0
8 20 100 10 1 0 1 0 0 0 0
8 0 -1 15 1 0 2 0 0 0 7
2 90 85 10 1 0 1 0 0 0 0
0 120 100 10 1 0 3 0 0 0 0
1 75 100 10 1 0 1 0 0 0 0
10 70 90 10 1 0 1 0 0 0 0
15 0 -1 20 1 0 2 0 0 0 1
0 0 100 15 1 0 3 0 0 0 0
0 0 -1 20 1 0 2 0 0 0 0
17 0 90 10 1 0 1 0 0 0 0
4 60 100 15 1 0 3 0 0 0 0
15 85 95 10 1 0 1 0 0 0 0
13 0 100 15 1 0 2 0 0 0 0
13 0 100 15 1 0 1 0 0 0 0
15 70 100 15 2 0 3 0 0 0 0
0 0 100 30 1 0 2 0 0 0 0
6 0 -1 5 1 0 2 0 0 0 1
7 100 100 10 1 0 3 0 0 0 0
3 20 100 20 1 0 3 0 0 0 0
9 80 100 10 1 0 1 0 0 0 0
15 0 100 10 1 4 2 0 0 0 1
2 65 85 10 1 0 1 0 0 0 0
6 0 100 15 1 0 2 0 0 0 0
0 0 -1 40 1 0 2 0 0 0 0
13 60 100 5 1 0 1 0 0 0 0
14 80 100 10 1 0 3 0 0 0 0
2 110 85 10 1 0 1 0 0 0 0
14 120 100 10 1 0 3 0 0 0 0
3 80 100 10 1 0 1 0 0 0 0
1 130 90 5 1 0 1 0 0 0 0
0 0 -1 20 1 0 2 0 0 0 0
3 65 100 20 1 0 1 0 0 0 0
15 0 100 20 1 0 2 0 0 0 0
15 50 100 10 1 0 3 0 0 0 0
0 40 100 20 1 0 3 0 0 0 0
9 35 100 35 1 0 3 0 0 0 0
0 0 -1 5 1 0 2 0 0 0 7
4 90 100 15 1 0 3 0 0 0 0
4 120 100 10 1 0 1 0 0 0 0
13 90 100 10 1 0 3 0 0 0 0
10 100 100 5 1 0 1 0 0 0 0
11 25 95 20 1 0 3 0 0 0 0
3 100 100 15 1 0 3 0 0 0 0
0 0 -1 20 1 0 2 0 0 0 0
17 90 90 10 1 0 3 0 0 0 0
9 60 100 20 1 0 3 0 0 0 0
7 50 100 15 1 0 3 0 0 0 0
7 0 90 40 1 0 2 4 0 0 0
7 80 100 20 1 0 3 0 0 0 0
7 0 75 35 1 0 2 4 0 0 0
7 15 100 35 1 0 3 0 0 0 0
7 50 100 25 2 0 3 0 0 0 0
11 90 100 15 1 0 1 0 0 0 0
13 110 90 5 1 0 3 0 0 0 0
0 20 90 10 1 0 3 0 0 0 0
11 50 100 20 1 0 3 0 0 0 0
0 40 100 35 1 0 3 0 0 0 0
11 0 100 20 1 1 2 0 0 0 0
5 40 100 25 1 0 1 0 0 0 0
12 80 100 20 1 0 1 0 0 0 0
0 0 -1 10 1 0 2 0 0 0 1
10 0 -1 10 1 0 2 0 0 0 0
10 0 -1 10 1 0 2 0 0 0 0
10 0 -1 10 1 0 2 0 0 0 1
15 20 100 10 1 0 3 0 0 0 0
6 40 100 20 1 0 3 0 0 0 0
4 120 85 10 1 0 3 0 0 0 0
8 120 85 10 1 0 3 0 0 0 0
0 0 90 15 1 0 3 0 0 0 0
10 160 100 10 1 0 1 0 0 0 0
0 0 -1 10 1 4 2 0 0 0 1
10 65 100 20 1 0 1 0 0 0 0
10 80 100 15 1 0 3 0 0 0 0
0 0 -1 10 1 0 2 0 0 0 0
10 90 100 10 1 0 1 0 0 0 0
10 85 100 10 1 0 3 0 0 0 0
10 75 100 10 1 0 1 0 0 0 0
10 0 -1 10 1 0 2 0 0 4 7
10 140 90 5 1 0 1 0 0 0 0
10 70 100 20 2 0 3 0 0 0 0
10 0 100 10 1 0 2 0 0 0 0
10 70 90 10 1 0 3 0 0 0 0
10 80 100 10 1 0 1 0 0 0 0
10 100 100 10 1 0 1 0 0 0 0
10 0 100 15 1 0 1 0 0 0 0
15 0 100 5 1 0 3 0 0 0 0
7 0 -1 20 1 0 2 0 0 0 0
15 40 100 20 1 0 3 0 0 0 0
1 120 90 5 1 0 3 0 0 0 0
15 0 100 15 1 0 2 0 0 0 0
0 40 100 30 1 1 3 0 0 0 0
6 0 -1 15 1 3 2 0 0 0 5
11 0 -1 20 1 0 2 0 0 0 1
0 20 100 20 1 0 3 0 0 0 0
13 50 100 10 1 0 3 0 0 0 0
11 0 -1 20 1 2 2 0 0 0 1
0 90 100 10 1 0 3 0 0 0 0
1 120 100 10 1 0 3 0 0 0 0
2 0 -1 5 1 0 2 0 2 0 7
0 50 100 40 1 0 3 0 0 0 0
4 55 95 25 2 0 3 0 0 0 0
2 75 95 10 1 0 3 0 0 0 0
0 80 100 10 2 0 1 0 0 0 0
0 0 -1 5 1 0 2 0 0 0 1
0 0 -1 10 1 0 2 0 0 0 1
10 0 -1 20 1 0 2 0 0 0 5
0 0 -1 15 1 0 2 0 0 0 0
0 0 -1 20 1 0 2 0 0 0 1
0 75 100 10 1 0 1 0 0 0 0
10 0 -1 5 1 0 2 0 0 0 1
0 70 100 5 1 0 3 0 0 0 0
0 0 100 20 1 0 3 0 0 0 0
0 90 100 15 1 0 1 0 0 0 0
6 60 100 10 1 -4 3 0 0 0 0
6 0 100 15 1 0 3 0 0 0 0
0 0 -1 1 1 0 2 0 0 0 1
3 70 100 20 1 0 1 0 0 0 0
0 0 -1 20 1 -6 2 0 0 0 0
14 150 90 5 1 0 1 0 0 0 0
12 25 90 10 1 0 3 0 0 0 0
0 90 85 20 1 0 3 0 0 0 0
12 0 -1 20 1 0 2 0 0 0 1
12 75 90 10 1 0 3 0 0 0 0
6 40 100 15 1 0 3 0 0 0 0
12 50 90 15 1 0 3 0 0 0 0
12 60 95 15 1 0 3 0 0 0 0
12 150 90 5 1 0 3 0 0 0 0
10 0 -1 10 1 0 2 0 0 0 0
6 60 85 15 1 0 3 0 0 0 0
12 30 90 20 1 0 3 0 0 0 0
9 0 -1 5 1 0 2 0 0 0 1
8 0 -1 10 1 0 2 0 0 0 7
0 60 100 15 1 0 1 0 0 0 0
15 0 90 10 1 0 1 0 0 0 0
1 100 95 5 1 0 3 0 0 0 0
6 90 100 15 1 0 3 0 0 0 0
0 0 -1 25 1 0 2 0 0 0 5
12 40 100 15 1 0 3 0 0 0 0
8 0 100 15 1 0 2 0 0 0 0
8 100 80 10 1 0 1 0 0 0 0
12 0 -1 10 1 0 2 0 3 0 7
8 35 85 15 1 0 3 0 0 0 0
2 80 100 15 1 0 1 0 0 0 0
14 25 90 20 1 0 3 0 0 0 0
0 0 100 10 1 0 2 0 0 0 0
8 70 100 10 1 0 1 0 0 0 0
0 40 100 35 1 0 3 0 0 0 0
0 0 85 40 1 0 2 0 0 0 0
1 100 100 5 1 0 1 0 0 0 0
0 70 100 20 1 0 3 0 0 0 0
6 85 100 10 1 0 1 0 0 0 0
4 80 100 15 1 0 3 0 0 0 0
4 120 85 5 1 0 1 0 0 0 0
6 0 100 20 1 0 3 0 0 0 0
0 200 100 5 1 0 3 0 0 0 0
13 80 100 15 1 0 1 0 0 0 0
13 85 100 10 1 0 3 0 0 0 0
13 70 100 15 2 0 3 0 0 0 0
13 120 100 5 1 0 3 0 0 0 0
13 60 -1 20 1 0 3 0 0 0 0
13 40 100 30 1 1 3 0 0 0 0
0 0 -1 30 1 0 2 0 0 0 1
0 0 -1 10 1 0 2 0 0 0 1
5 0 30 5 1 0 1 0 0 0 0
7 90 100 10 1 0 1 0 0 0 0
0 0 -1 15 1 0 2 0 0 0 1
1 150 100 5 1 -3 1 0 0 0 0
16 0 -1 10 1 0 2 0 0 0 1
16 0 -1 10 1 0 2 0 0 0 1
3 60 -1 20 1 0 1 0 0 0 0
8 0 -1 5 1 0 2 0 0 0 1
11 75 100 15 1 0 1 0 0 0 0
11 0 -1 10 1 4 2 0 0 0 1
11 60 100 5 1 0 1 0 0 0 0
0 0 100 15 1 0 2 0 0 0 0
0 0 55 15 1 0 2 5 0 0 0
0 0 -1 1 1 0 2 0 0 0 0
10 0 -1 10 1 0 2 0 0 0 0
11 70 90 10 1 0 3 0 0 0 0
0 130 100 10 1 0 3 0 0 0 0
9 140 90 5 2 0 3 0 0 0 0
9 60 100 10 1 0 3 0 0 0 0
6 85 90 15 1 0 3 0 0 0 0
0 0 -1 5 1 0 2 0 0 0 1
0 80 75 20 1 0 3 0 0 0 0
0 70 100 20 2 0 3 0 0 0 0
4 0 75 15 1 0 2 5 0 0 0
0 0 -1 10 1 0 2 0 0 0 1
7 65 100 20 1 0 1 0 0 0 0
7 90 100 10 1 0 1 0 0 0 0
7 95 100 10 1 0 1 0 0 0 0
12 50 100 15 1 0 3 0 0 0 0
16 70 -1 10 1 0 3 0 0 0 0
0 70 100 10 1 0 3 0 0 0 0
7 30 70 20 1 0 1 0 0 0 0
0 0 100 20 1 0 2 0 0 0 0
4 35 100 15 1 0 3 0 0 0 0
15 55 95 15 1 0 1 0 0 0 0
15 0 -1 10 1 4 2 0 0 0 1
2 80 100 15 2 0 1 0 0 0 0
0 50 100 15 1 0 1 0 0 0 0
5 0 -1 10 1 0 2 0 1 0 7
2 0 100 20 1 0 2 0 0 0 0
0 0 -1 5 1 0 2 0 0 0 1
4 120 100 10 1 0 1 0 0 0 0
4 125 100 10 1 0 3 0 0 0 0
0 0 90 20 1 0 1 0 0 0 0
14 100 95 5 2 0 1 0 0 0 0
3 65 100 20 1 0 3 0 0 0 0
2 90 100 10 1 0 1 0 0 0 0
13 90 100 10 1 0 3 0 0 0 0
10 0 -1 10 1 0 2 0 0 0 0
4 0 -1 15 1 0 2 0 0 0 0
11 0 -1 10 1 0 2 0 0 0 0
0 20 100 15 1 0 3 0 0 0 0
8 0 -1 20 1 0 2 0 0 0 6
4 0 -1 10 1 4 2 0 0 0 1
16 100 100 5 1 0 3 0 0 0 0
17 75 100 15 1 0 3 0 0 0 0
13 80 100 10 1 0 3 0 0 0 0
0 0 100 10 1 0 1 0 0 0 0
13 0 100 10 1 0 2 0 0 0 0
0 0 -1 40 1 0 2 0 0 0 1
4 0 100 15 1 0 2 5 0 0 0
0 0 -1 15 1 3 2 0 0 0 0
17 100 80 5 1 0 1 0 0 0 0
12 0 -1 20 1 0 2 0 0 0 6
2 110 95 5 1 0 1 0 0 0 0
11 65 100 20 1 0 3 0 0 0 0
16 140 95 5 1 0 1 0 0 0 0
16 130 100 5 1 0 3 0 0 0 0
16 70 90 25 1 0 3 0 0 0 0
11 0 -1 20 1 0 2 0 0 0 6
0 0 -1 20 1 0 2 0 0 0 1
0 65 100 20 1 0 3 0 0 0 0
8 75 100 10 1 0 3 0 0 0 0
12 65 90 15 1 0 3 0 0 0 0
12 100 80 5 2 0 3 0 0 0 0
10 20 100 10 1 0 1 0 0 0 0
6 60 100 10 1 0 3 0 0 0 0
17 90 95 10 1 0 1 0 0 0 0
0 80 100 15 1 0 3 0 0 0 0
4 0 100 10 1 0 2 0 0 0 0
11 0 95 40 1 0 2 0 0 0 0
0 50 -1 1 1 0 3 0 0 0 0
11 50 100 20 1 0 1 0 0 0 0
0 0 -1 10 1 0 2 0 0 0 1
4 0 75 30 1 0 2 3 0 0 0
6 80 80 20 1 0 3 0 0 0 0
0 0 -1 10 1 0 2 0 0 0 1
15 70 100 5 1 1 3 0 0 0 0
1 0 -1 5 1 0 2 0 4 0 7
16 100 100 5 1 0 3 0 0 0 0
3 100 95 15 1 0 3 0 0 0 0
0 0 90 10 1 0 3 0 0 0 0
6 120 100 5 1 0 3 0 0 0 0
0 0 55 20 1 0 2 0 0 0 0
2 90 100 15 1 0 1 0 0 0 0
2 25 100 5 1 0 3 0 0 0 0
0 0 85 15 1 0 2 0 0 0 0
0 0 -1 10 1 0 2 0 0 0 1
17 0 75 10 1 0 2 0 0 0 0
0 0 100 20 1 0 2 0 0 0 0
0 60 -1 20 1 0 1 0 0 0 0
15 0 100 10 1 0 2 0 0 0 0
0 0 -1 20 1 0 2 0 0 0 1
10 120 100 10 1 0 1 0 0 0 0
4 0 -1 5 1 0 2 0 0 0 1
4 60 85 10 1 0 1 0 0 0 0
16 50 -1 10 1 0 1 0 0 0 0
0 40 100 35 1 0 3 0 0 0 0
11 0 -1 20 1 0 2 0 0 0 1
0 25 85 10 1 0 3 0 0 0 0
0 0 100 30 1 0 2 0 0 0 0
9 0 -1 15 1 0 2 0 0 0 5
0 90 85 20 1 0 3 0 0 0 0
10 0 -1 15 1 0 2 0 0 0 1
12 0 100 15 1 0 2 0 0 0 0
15 0 100 20 1 0 2 0 0 0 0
0 0 -1 20 1 0 2 0 0 0 0
0 0 -1 10 1 0 2 0 0 0 7
0 120 100 5 1 0 1 0 0 0 0
0 0 100 20 1 0 2 0 0 0 0
10 0 -1 15 1 0 2 0 0 0 0
10 0 -1 20 1 -6 2 0 0 0 1
1 75 100 10 1 0 3 0 0 0 0
0 80 100 10 1 0 1 0 0 0 0
0 120 100 5 1 0 1 0 0 0 0
0 50 100 10 1 0 1 0 0 0 0
15 60 100 25 1 0 3 0 0 0 0
8 90 100 10 1 0 3 0 0 0 0
8 90 100 10 1 0 3 0 0 0 0
0 120 100 10 1 0 3 0 0 0 0
15 80 100 15 1 0 3 0 0 0 0
3 110 70 10 1 0 1 0 0 0 0
3 90 100 15 1 0 1 0 0 0 0
3 80 90 15 1 0 1 0 0 0 0
3 70 100 5 1 1 1 0 0 0 0
3 65 95 15 1 0 3 0 0 0 0
6 90 100 10 1 0 3 0 0 0 0
3 75 100 15 1 0 3 0 0 0 0
3 40 100 30 1 0 1 0 0 0 0
3 0 90 20 1 0 2 3 0 0 0
0 0 100 20 1 0 2 0 0 0 0
0 0 -1 10 1 0 2 0 0 0 1
15 0 -1 20 1 0 2 0 0 0 0
1 80 100 10 1 0 1 0 0 0 0
15 0 100 15 1 0 2 0 0 0 0
7 0 90 10 1 0 2 6 0 0 0
7 0 -1 20 1 0 2 0 0 0 6
7 0 100 20 1 0 2 4 0 0 0
4 50 100 20 1 0 3 0 0 0 0
0 0 -1 10 1 0 2 0 0 0 0
0 80 100 10 1 0 1 0 0 0 0
10 0 100 10 1 0 2 0 0 0 0
13 0 100 20 1 0 2 0 0 0 0
10 0 -1 5 1 -7 2 0 0 0 7
6 90 100 10 2 0 3 0 0 0 0
5 20 90 10 1 0 3 0 0 0 0
2 30 95 10 1 0 3 0 0 0 0
6 10 90 10 1 0 3 0 0 0 0
4 70 100 15 1 0 3 0 0 0 0
0 0 -1 5 1 0 1 0 0 0 0
10 40 100 10 1 0 1 0 0 0 0
11 25 100 20 1 0 3 0 0 0 0
14 40 100 20 1 0 1 0 0 0 0
11 70 100 20 1 0 3 0 0 0 0
6 65 100 15 1 3 3 0 0 0 0
0 90 100 10 1 0 1 0 0 0 0
6 40 100 30 1 1 1 0 0 0 0
1 180 95 5 1 0 3 0 0 0 0
7 0 100 20 1 0 2 0 0 0 0
7 65 100 10 1 0 1 0 0 0 0
6 0 -1 10 1 0 2 0 0 0 1
4 45 100 25 1 0 3 0 0 0 0
0 55 100 30 1 0 3 0 0 0 0
6 70 -1 10 1 -1 3 0 0 0 0
3 70 100 20 1 0 1 0 0 0 0
3 120 100 15 1 0 3 0 0 0 0
6 70 100 10 1 0 3 0 0 0 0
2 80 100 15 1 0 3 0 0 0 0
2 40 100 25 1 0 1 0 0 0 0
2 80 100 10 1 0 1 0 0 0 0
2 60 100 20 1 0 1 0 0 0 0
2 15 100 20 1 1 1 0 0 0 0
2 0 -1 15 1 0 2 0 0 0 7
2 150 100 5 1 0 1 0 0 0 0
2 120 100 10 1 0 3 0 0 0 0
0 50 100 10 1 0 1 0 0 0 0
2 35 85 15 1 0 1 0 0 0 0
0 0 -1 20 1 -6 2 0 0 0 0
15 75 100 5 1 0 3 0 0 0 0
15 80 100 10 1 0 3 0 0 0 0
12 0 -1 10 1 3 2 0 0 0 5
3 100 80 10 1 0 1 0 0 0 0
3 90 100 15 1 0 3 0 0 0 0
1 0 85 15 1 0 2 1 0 0 0
9 60 100 35 1 0 3 0 0 0 0
0 0 -1 10 1 0 2 0 0 0 1
2 0 -1 40 1 0 2 0 0 0 1
10 0 -1 10 1 0 2 0 0 0 7
4 120 100 15 1 0 3 0 0 0 0
0 0 -1 30 1 0 2 0 0 0 1
4 0 100 10 1 0 2 0 0 0 0
0 15 90 20 1 0 3 0 0 0 0
0 0 100 5 1 0 1 0 0 0 0
11 80 100 15 1 0 3 0 0 0 0
0 0 -1 10 1 0 2 0 0 0 0
3 120 50 5 1 0 1 0 0 0 0
10 80 90 15 1 0 3 0 0 0 0
3 80 100 10 1 0 3 0 0 0 0
0 0 0 0 0 0 0 0 0 0 0