4 1 40 100 25 -1
12 3 40 100 20 -1
7 1 40 100 30 10
7 2 -1 -1 20 -1
7 1 40 100 20 100
9 3 55 100 15 -1
0 2 -1 -1 30 -1
9 3 60 -1 20 -1
9 1 100 100 5 -1
0 2 -1 -1 15 -1
10 2 -1 -1 30 -1
9 1 60 100 25 -1
9 1 75 100 15 30
10 2 -1 -1 15 -1
10 2 -1 -1 20 -1
16 3 80 100 20 -1
12 1 60 100 5 10
4 1 80 100 10 100
2 3 70 100 20 -1
2 3 40 100 20 -1
2 2 -1 -1 20 -1
2 3 90 95 10 -1
6 3 15 100 20 -1
4 2 -1 -1 5 -1
17 2 -1 -1 20 -1
0 2 -1 -1 20 -1
15 3 60 100 10 -1
13 3 40 100 15 30
13 1 120 100 5 -1
11 3 90 100 15 -1
0 2 -1 100 15 -1
6 1 80 -1 20 -1
3 3 110 100 10 100
5 1 65 100 20 10
5 2 -1 -1 20 -1
16 2 -1 -1 15 -1
5 3 60 100 10 -1
6 3 120 90 10 -1
17 2 -1 100 10 -1
15 1 90 100 15 -1
7 2 -1 -1 10 -1
7 3 60 100 10 -1
0 3 15 100 20 -1
10 2 -1 -1 20 -1
0 2 -1 -1 40 -1
9 3 100 100 15 -1
15 3 -1 100 10 -1
16 3 100 100 5 -1
16 3 100 100 5 -1
7 1 120 100 10 -1
0 2 -1 -1 10 -1
0 2 -1 -1 15 -1
0 3 -1 -1 10 -1
0 3 15 100 20 100
15 3 60 100 25 30
13 1 75 100 10 -1
1 1 150 90 5 -1
1 3 85 100 10 10
9 1 100 80 10 -1
5 1 110 80 5 10
0 2 -1 -1 5 -1
0 1 140 100 5 -1
1 1 130 90 5 20
6 3 80 100 10 -1
0 3 85 100 15 30
3 3 85 100 10 -1
3 3 130 90 5 20
8 3 65 100 20 10
8 3 25 90 10 -1
8 3 50 100 10 -1
0 1 140 100 10 -1
9 3 85 95 5 30
2 1 90 100 15 -1
4 3 40 100 40 -1
9 3 120 100 15 -1
14 3 60 100 15 100
6 3 75 100 15 -1
2 1 65 100 10 -1
15 3 60 100 20 -1
2 1 40 100 30 10
2 1 65 100 20 10
11 3 60 100 20 -1
11 1 90 100 10 10
6 2 -1 -1 20 -1
8 3 60 100 20 100
16 3 40 100 30 -1
4 3 25 100 30 -1
1 1 130 100 5 -1
1 1 70 100 5 -1
3 1 90 100 15 100
10 2 -1 -1 20 -1
0 2 -1 -1 20 -1
0 2 -1 100 5 -1
15 3 65 90 15 -1
0 2 -1 -1 40 -1
3 2 -1 -1 20 -1
3 1 40 100 10 100
17 2 -1 100 5 -1
9 1 65 100 20 100
5 2 -1 -1 10 -1
0 3 70 100 20 -1
4 1 150 95 5 -1
6 3 60 95 10 -1
2 3 35 100 15 100
14 1 110 100 5 100
14 2 -1 100 5 100
7 1 50 -1 15 -1
6 3 120 100 5 100
6 2 -1 -1 10 -1
7 2 -1 -1 20 -1
0 3 18 90 15 -1
15 3 -1 100 10 -1
0 2 -1 -1 10 100
13 2 -1 100 10 -1
10 1 50 100 25 10
0 3 10 100 35 10
0 2 -1 -1 30 -1
0 2 -1 -1 30 -1
0 2 -1 -1 20 -1
14 1 100 100 10 -1
7 2 -1 100 40 -1
10 2 -1 -1 20 -1
4 2 -1 -1 10 -1
4 2 -1 100 40 -1
6 3 -1 100 20 -1
0 2 -1 100 10 -1
17 3 60 100 25 -1
2 3 100 100 10 -1
17 2 -1 -1 10 -1
6 3 100 90 5 -1
7 3 70 100 20 10
15 3 80 100 15 20
0 3 75 95 10 50
0 3 -1 100 5 -1
13 2 -1 -1 10 -1
0 3 50 100 30 -1
15 1 80 100 15 20
15 2 -1 80 10 -1
15 3 85 100 10 -1
17 1 80 100 10 -1
17 2 -1 -1 15 100
11 2 -1 -1 10 -1
0 2 -1 -1 40 -1
9 2 -1 -1 15 -1
13 2 -1 -1 5 -1
6 2 -1 -1 5 -1
12 3 100 100 5 50
8 3 80 100 10 -1
7 3 80 100 15 -1
0 2 -1 100 20 -1
17 1 40 -1 15 -1
3 1 80 100 15 30
2 3 80 100 10 -1
0 3 70 100 10 20
16 1 140 100 5 -1
0 3 35 100 10 -1
16 3 60 100 5 30
6 3 30 100 30 -1
0 3 15 100 10 -1
0 2 -1 -1 15 -1
0 3 120 100 15 -1
14 1 130 100 5 100
9 3 120 100 5 100
14 1 60 100 20 30
14 2 -1 -1 15 -1
14 3 80 100 15 -1
14 2 -1 -1 20 -1
14 3 50 100 10 -1
14 1 150 100 5 -1
14 3 90 100 15 -1
14 1 85 100 10 -1
14 1 -1 100 10 -1
14 3 100 85 10 20
14 3 60 95 10 -1
6 3 75 100 10 -1
17 1 50 100 10 -1
10 1 100 100 15 -1
9 3 80 100 20 -1
8 3 80 100 10 -1
4 3 80 100 10 100
14 3 40 100 15 -1
9 3 40 100 10 -1
14 1 100 100 5 -1
6 3 100 50 5 100
8 1 90 100 10 10
8 3 100 100 10 -1
0 1 40 100 15 -1
3 2 -1 100 5 -1
10 1 80 100 5 -1
0 3 100 75 10 -1
3 2 -1 -1 10 -1
3 2 -1 -1 20 -1
3 1 -1 100 10 -1
3 1 55 100 15 100
15 2 -1 100 15 -1
1 1 40 100 25 10
0 2 -1 100 5 -1
0 3 -1 100 5 -1
0 2 -1 -1 10 -1
4 1 90 100 10 10
0 2 -1 100 15 -1
1 1 150 100 5 -1
10 1 80 100 10 -1
14 1 160 90 5 -1
10 1 80 100 10 -1
0 3 250 100 5 -1
10 1 80 100 20 10
0 3 80 100 5 -1
0 3 70 100 20 -1
17 2 -1 -1 10 -1
17 1 40 100 30 -1
0 3 40 100 5 100
15 2 -1 100 5 -1
15 3 80 -1 10 -1
0 3 40 100 40 -1
9 2 -1 100 5 -1
0 3 30 100 10 -1
15 3 60 -1 20 -1
11 3 50 100 25 -1
14 1 80 100 5 -1
1 1 80 100 10 50
15 1 90 100 10 20
6 1 -1 100 5 -1
1 1 110 85 5 10
1 3 65 100 15 10
1 3 80 100 15 100
1 1 80 100 10 -1
1 3 75 100 15 10
1 1 35 100 15 100
11 3 90 100 10 -1
2 3 85 100 10 -1
8 3 -1 30 5 -1
0 3 -1 100 15 -1
1 1 70 100 15 -1
1 3 50 100 20 100
1 3 60 100 25 10
1 1 90 100 15 10
1 3 120 100 15 10
0 2 -1 70 20 -1
16 1 80 100 10 10
15 2 -1 100 15 -1
17 1 130 100 5 100
15 3 -1 100 10 -1
2 3 60 100 20 -1
9 3 90 95 15 30
17 2 -1 -1 10 -1
17 2 -1 -1 10 100
9 3 90 100 15 -1
6 3 100 100 10 -1
6 1 120 80 5 10
0 2 -1 -1 30 -1
6 3 150 100 20 -1
0 2 -1 -1 20 -1
6 3 60 100 10 30
0 2 -1 -1 40 -1
4 2 -1 100 20 -1
15 3 95 100 15 -1
5 3 140 100 5 30
5 1 70 100 20 10
10 1 90 100 10 10
5 1 90 100 15 -1
4 1 150 100 5 -1
5 1 60 100 10 100
0 3 102 100 20 -1
0 3 15 100 20 -1
11 3 40 95 20 -1
0 3 18 90 15 -1
3 3 100 100 5 -1
1 1 100 100 5 -1
10 1 120 100 10 -1
7 2 -1 100 10 -1
16 3 50 100 15 -1
16 2 -1 -1 20 -1
17 2 -1 -1 10 -1
4 1 75 100 10 -1
0 3 150 100 5 -1
16 3 160 100 5 -1
5 3 120 100 5 -1
5 1 65 100 10 100
0 2 -1 100 30 -1
10 1 90 100 15 -1
4 1 -1 100 20 -1
4 1 80 100 10 -1
4 2 -1 70 15 -1
4 3 55 100 20 -1
4 2 -1 -1 10 -1
4 3 80 100 10 100
10 2 -1 -1 5 -1
0 2 -1 100 10 -1
0 2 -1 -1 20 -1
13 2 -1 -1 5 -1
10 2 -1 -1 10 -1
10 2 -1 -1 10 -1
0 3 -1 30 5 -1
7 3 120 85 5 30
9 1 40 100 35 -1
16 3 -1 100 5 -1
5 2 -1 -1 10 -1
6 3 100 100 10 100
0 2 -1 -1 30 -1
0 2 -1 -1 5 -1
5 2 -1 -1 30 -1
0 3 120 100 15 -1
12 3 150 85 5 -1
0 3 70 100 15 30
8 3 120 100 5 -1
0 2 -1 -1 5 -1
10 2 -1 100 15 -1
11 2 -1 -1 10 -1
10 2 -1 -1 10 -1
10 2 -1 -1 10 -1
10 3 60 100 25 30
10 2 -1 -1 10 -1
1 3 -1 100 10 -1
1 1 95 100 10 10
16 3 -1 100 10 -1
0 2 -1 -1 20 -1
13 1 65 100 10 -1
11 1 60 100 15 -1
15 1 60 100 15 -1
14 1 60 100 15 -1
3 1 60 100 15 -1
17 1 60 100 15 -1
6 1 60 100 15 -1
1 1 60 100 15 -1
9 1 60 100 15 -1
13 1 60 100 15 -1
4 1 60 100 15 -1
8 1 60 100 15 -1
5 1 60 100 15 -1
0 1 60 100 15 -1
7 1 60 100 15 -1
10 1 60 100 15 -1
12 1 60 100 15 -1
16 1 60 100 15 -1
2 1 60 100 15 -1
8 3 95 100 10 -1
6 3 130 90 10 -1
0 3 40 100 40 -1
0 2 -1 -1 40 -1
15 2 -1 -1 15 -1
0 3 65 100 25 -1
0 3 -1 30 5 -1
4 3 75 100 10 -1
0 2 -1 -1 40 -1
9 1 110 80 10 30
2 1 150 100 5 -1
2 1 110 85 5 -1
2 1 80 100 15 -1
0 1 150 100 5 -1
0 3 80 100 15 10
0 1 90 100 10 -1
15 3 100 -1 5 100
10 1 80 -1 5 -1
10 2 -1 70 20 -1
5 3 30 90 20 -1
5 1 90 100 10 10
5 1 140 100 5 30
5 3 65 100 15 10
5 3 100 100 10 100
5 3 75 100 15 10
5 3 40 100 30 -1
5 3 85 100 10 30
5 3 25 100 30 -1
5 1 55 100 15 100
10 2 -1 -1 10 -1
1 1 60 100 15 -1
13 1 60 100 15 -1
1 1 100 50 5 100
11 1 20 100 20 100
4 2 -1 -1 20 -1
10 2 -1 -1 15 -1
3 2 -1 -1 25 -1
16 2 -1 -1 15 -1
16 3 80 100 15 30
16 3 100 85 15 30
4 3 100 -1 -1 -1
15 3 80 100 10 -1
0 1 100 100 10 -1
6 3 100 95 10 -1
4 2 -1 -1 10 -1
6 3 50 100 25 -1
10 2 -1 100 15 -1
16 2 -1 -1 10 -1
15 3 65 100 20 -1
8 3 90 100 10 -1
0 2 -1 -1 30 -1
15 3 75 100 5 -1
0 3 140 100 5 -1
13 3 50 100 10 -1
1 1 80 100 15 30
4 3 90 100 15 -1
4 1 130 100 5 100
4 1 65 100 10 30
4 3 40 100 40 -1
11 3 80 100 10 -1
4 2 -1 100 10 -1
0 2 -1 100 10 100
13 3 40 100 30 30
2 2 -1 -1 10 -1
10 2 -1 -1 30 -1
17 1 140 100 5 -1
2 3 85 100 10 20
0 2 -1 -1 5 -1
0 2 -1 80 10 -1
6 3 -1 100 20 -1
6 3 65 100 20 100
0 2 -1 -1 30 -1
10 2 -1 -1 5 -1
10 2 -1 -1 10 -1
11 3 80 100 15 100
10 1 95 100 5 50
6 3 40 100 30 -1
10 2 -1 -1 15 -1
10 2 -1 100 20 -1
10 2 -1 -1 10 -1
4 1 60 -1 20 -1
1 1 100 90 5 100
16 3 60 -1 20 -1
3 2 -1 -1 10 -1
3 2 -1 -1 20 -1
8 3 -1 100 30 -1
16 1 120 100 5 -1
6 2 -1 -1 10 -1
0 2 -1 -1 20 -1
0 2 -1 -1 5 -1
10 2 -1 -1 40 -1
4 1 60 100 15 -1
0 3 120 85 5 -1
0 3 80 100 20 -1
11 3 120 90 10 -1
15 2 -1 100 10 -1
16 3 -1 100 10 -1
16 3 50 100 35 10
16 2 -1 100 5 -1
6 3 150 100 5 -1
12 1 120 100 10 -1
16 3 90 100 10 20
0 2 -1 -1 10 -1
12 3 95 100 5 -1
0 2 -1 -1 5 -1
0 2 -1 -1 10 -1
1 1 150 100 5 -1
0 2 -1 -1 5 -1
0 2 -1 -1 10 -1
10 2 -1 -1 40 -1
10 1 -1 100 20 -1
9 2 -1 -1 20 -1
16 1 65 100 10 20
5 2 -1 -1 30 -1
10 1 95 100 5 50
17 1 200 100 5 -1
17 2 -1 -1 10 -1
17 1 95 100 15 30
13 1 100 100 5 -1
17 2 -1 -1 5 -1
0 2 -1 -1 5 -1
5 3 100 85 10 -1
8 1 65 100 10 20
8 1 55 95 15 100
8 2 -1 -1 15 -1
8 1 20 100 10 100
2 1 90 95 10 30
0 3 120 100 10 -1
1 1 75 100 10 100
10 1 70 90 10 -1
15 2 -1 -1 20 -1
0 3 -1 100 15 -1
0 2 -1 -1 20 -1
17 1 -1 100 10 -1
4 3 60 100 15 30
15 1 85 100 10 30
13 1 -1 100 15 -1
15 3 70 100 15 -1
13 2 -1 100 15 -1
6 2 -1 -1 5 100
0 2 -1 100 10 100
3 3 20 100 20 100
9 1 80 100 10 -1
15 2 -1 100 10 -1
2 1 80 100 10 30
6 2 -1 100 15 -1
0 2 -1 -1 40 -1
13 1 60 100 5 10
14 3 80 100 10 -1
2 1 110 100 10 -1
14 3 120 100 10 -1
3 1 80 100 10 -1
1 1 130 100 5 100
0 2 -1 -1 20 -1
3 1 65 100 20 -1
15 2 -1 100 20 100
0 3 40 100 20 -1
15 3 50 100 10 -1
9 3 35 100 35 -1
0 2 -1 -1 5 -1
4 3 90 100 15 -1
4 1 120 100 10 -1
13 3 90 100 10 -1
10 1 100 100 5 -1
3 1 -1 -1 20 -1
11 3 25 100 20 -1
3 3 100 100 15 -1
0 2 -1 -1 10 100
17 3 90 100 10 10
9 3 60 100 20 -1
7 3 50 100 15 50
7 2 -1 90 40 -1
7 3 80 100 20 30
7 2 -1 90 35 -1
7 3 15 100 35 30
7 3 50 100 25 10
11 1 90 100 15 -1
13 3 110 90 5 -1
0 3 40 100 35 -1
11 2 -1 100 20 -1
5 1 40 100 25 10
12 1 80 100 20 -1
0 2 -1 -1 10 -1
10 2 -1 -1 10 -1
10 2 -1 -1 10 -1
10 2 -1 -1 10 -1
15 3 20 100 10 -1
4 3 120 90 10 -1
6 3 40 100 20 100
8 3 120 85 10 -1
0 3 -1 90 15 -1
10 1 160 100 10 -1
0 2 -1 -1 10 -1
10 1 65 100 20 10
10 3 80 100 15 -1
0 2 -1 -1 10 -1
10 1 90 100 10 10
10 3 85 100 10 -1
10 2 -1 -1 10 -1
10 1 140 100 5 100
10 3 70 100 20 -1
10 2 -1 100 10 -1
10 3 70 90 10 -1
10 1 80 100 10 -1
10 1 100 100 10 -1
10 1 -1 100 15 -1
15 3 -1 100 5 -1
7 2 -1 -1 20 -1
15 3 40 100 20 -1
1 3 120 90 5 10
15 2 -1 100 15 -1
0 3 40 100 30 -1
6 2 -1 -1 15 -1
11 2 -1 -1 20 -1
0 3 20 100 20 -1
11 2 -1 -1 20 -1
0 3 90 100 10 -1
1 3 120 100 10 -1
2 2 -1 -1 5 -1
0 3 50 100 40 100
4 3 55 100 25 -1
2 3 75 100 10 50
0 1 80 100 10 -1
0 2 -1 -1 5 -1
0 2 -1 -1 10 -1
10 2 -1 -1 20 -1
0 2 -1 -1 15 -1
0 2 -1 -1 20 -1
0 1 75 100 10 10
10 2 -1 -1 5 -1
0 3 70 100 5 -1
0 3 102 100 20 -1
0 1 90 100 15 -1
6 3 60 100 10 -1
6 3 -1 100 15 -1
3 1 70 100 20 -1
0 2 -1 -1 20 -1
14 1 150 100 5 -1
12 3 25 100 10 -1
0 3 90 95 20 20
12 2 -1 -1 20 -1
12 3 75 100 10 30
6 3 40 100 15 100
12 3 50 100 15 -1
12 3 60 95 15 100
12 3 150 100 5 -1
10 2 -1 -1 10 -1
6 3 60 100 15 30
12 3 30 90 20 -1
9 2 -1 -1 5 -1
8 2 -1 -1 10 100
0 1 60 100 15 -1
1 3 100 100 5 50
6 3 90 100 15 -1
0 2 -1 -1 25 -1
12 3 40 100 15 -1
8 2 -1 100 15 -1
8 3 35 100 15 100
8 1 100 80 10 -1
12 2 -1 -1 10 -1
4 3 90 100 15 100
2 1 80 100 15 30
14 3 25 100 20 -1
0 2 -1 100 10 -1
8 1 70 100 10 -1
0 3 40 100 35 -1
0 2 -1 100 5 -1
1 1 100 100 5 30
0 3 70 100 20 30
6 1 85 100 10 -1
4 3 80 100 15 -1
4 1 120 90 5 40
6 3 -1 100 20 -1
0 3 200 100 5 -1
13 1 80 100 15 20
13 3 85 100 10 20
13 3 70 100 15 -1
13 3 120 100 5 -1
13 3 60 -1 20 -1
13 3 40 100 30 -1
0 2 -1 -1 30 -1
5 1 -1 30 5 -1
7 1 90 100 10 -1
0 2 -1 -1 15 -1
1 1 150 100 5 -1
16 2 -1 -1 10 -1
16 2 -1 -1 10 -1
3 1 60 -1 20 -1
8 2 -1 -1 5 -1
11 1 75 100 15 10
11 1 60 100 5 10
0 2 -1 100 15 -1
0 2 -1 70 15 -1
1 3 90 100 15 100
0 2 -1 -1 1 -1
10 2 -1 -1 10 -1
11 3 70 100 10 -1
0 3 130 100 10 100
9 3 140 100 5 30
9 3 60 100 10 -1
6 3 85 100 15 -1
0 2 -1 -1 5 -1
0 3 80 90 20 -1
0 3 70 100 20 -1
4 2 -1 80 15 -1
0 2 -1 -1 10 -1
7 1 65 100 20 30
7 1 90 100 10 30
7 1 95 100 10 10
12 3 50 100 15 100
16 3 70 -1 10 -1
0 3 70 100 10 -1
7 1 30 90 20 100
0 2 -1 100 20 -1
4 3 35 100 15 100
15 1 55 100 10 100
15 2 -1 -1 10 -1
2 1 80 100 15 -1
0 1 50 100 15 30
5 2 -1 -1 10 -1
2 2 -1 100 20 -1
0 2 -1 -1 5 -1
4 1 120 100 10 -1
4 3 125 100 10 -1
0 1 -1 100 20 -1
14 1 100 100 5 -1
3 3 65 100 20 30
2 1 90 100 10 -1
17 1 90 100 15 -1
13 3 90 100 10 -1
10 2 -1 -1 10 -1
11 2 -1 -1 10 -1
0 3 20 100 15 -1
8 2 -1 -1 20 -1
4 2 -1 -1 10 -1
17 3 75 100 15 100
13 3 80 100 10 -1
0 1 -1 100 10 -1
13 2 -1 100 10 -1
0 2 -1 -1 40 -1
2 1 90 100 15 30
4 2 -1 100 15 -1
0 2 -1 -1 15 -1
17 1 100 80 5 -1
12 2 -1 -1 20 -1
2 1 110 100 5 30
11 3 65 100 20 30
16 1 140 100 5 -1
16 3 130 100 5 -1
16 3 70 100 25 10
11 2 -1 -1 20 -1
0 2 -1 -1 20 -1
0 3 65 100 20 30
8 3 75 100 10 -1
12 3 65 90 15 -1
12 3 100 85 5 -1
10 1 20 100 10 -1
6 3 60 100 10 100
17 1 90 100 10 20
0 3 80 100 15 -1
4 2 -1 100 10 100
11 2 -1 95 40 -1
0 3 50 -1 -1 -1
11 1 50 100 10 100
0 2 -1 -1 10 100
4 2 -1 90 30 -1
6 3 80 100 20 -1
0 2 -1 -1 10 -1
15 3 70 100 5 -1
1 2 -1 -1 5 -1
16 3 100 100 5 -1
15 3 -1 100 10 -1
3 3 100 95 15 -1
6 3 120 100 5 100
0 2 -1 70 20 -1
2 1 90 100 15 -1
2 3 25 100 5 -1
0 2 -1 90 15 -1
0 2 -1 -1 10 -1
17 2 -1 80 10 -1
0 2 -1 100 20 -1
0 1 60 -1 20 -1
15 2 -1 100 10 -1
0 2 -1 -1 20 -1
10 1 120 100 10 -1
4 2 -1 -1 5 -1
0 3 40 100 35 -1
11 2 -1 -1 20 -1
0 3 25 100 10 -1
0 2 -1 100 30 -1
9 2 -1 -1 15 -1
0 3 90 100 20 -1
10 2 -1 -1 10 -1
12 2 -1 100 15 100
15 2 -1 100 20 -1
0 2 -1 -1 10 100
0 2 -1 -1 10 -1
0 1 120 100 5 -1
0 2 -1 100 20 -1
10 2 -1 -1 15 -1
10 2 -1 -1 20 -1
1 3 75 100 10 -1
0 1 50 100 10 -1
15 3 60 100 25 -1
8 3 90 100 10 -1
8 3 90 100 10 -1
0 3 120 100 10 -1
15 3 80 100 15 100
3 1 110 80 10 30
3 1 80 100 15 -1
3 3 65 100 15 10
3 3 75 100 15 10
3 1 40 100 30 10
3 2 -1 90 20 -1
3 1 90 100 15 10
3 1 70 100 5 -1
6 3 90 100 10 100
0 2 -1 100 10 -1
15 2 -1 -1 20 -1
15 2 -1 100 15 -1
7 2 -1 90 10 -1
7 2 -1 -1 20 -1
7 2 -1 100 20 100
4 3 50 100 20 -1
0 2 -1 -1 10 -1
0 1 80 100 10 20
10 2 -1 100 10 -1
10 2 -1 -1 5 -1
13 2 -1 100 20 -1
6 3 90 100 10 -1
5 3 20 90 10 -1
6 3 10 90 10 -1
4 3 70 100 15 100
0 1 -1 -1 5 -1
11 3 25 100 20 20
14 1 40 100 20 20
11 3 70 100 20 -1
6 3 65 100 15 -1
0 1 90 100 10 -1
1 3 180 95 5 100
6 1 40 100 30 -1
0 3 -1 -1 20 -1
7 2 -1 100 20 100
7 1 65 100 10 -1
6 2 -1 -1 10 -1
4 3 45 100 25 -1
0 3 55 100 30 -1
6 3 70 -1 10 -1
3 1 70 100 20 -1
3 3 120 100 15 10
6 3 70 100 10 -1
2 1 40 100 25 -1
2 1 80 100 10 -1
2 1 60 100 20 20
2 1 15 100 20 -1
2 2 -1 -1 15 -1
2 1 150 100 5 -1
2 3 80 100 15 20
2 3 120 100 10 -1
0 1 50 100 10 -1
2 1 35 100 15 100
0 2 -1 -1 20 -1
15 3 75 100 5 -1
12 2 -1 -1 10 -1
3 3 90 100 15 -1
3 1 100 80 10 -1
1 2 -1 85 15 -1
9 3 60 100 35 -1
0 2 -1 -1 10 -1
2 2 -1 -1 40 -1
10 2 -1 -1 10 -1
4 3 120 100 15 -1
0 2 -1 -1 30 -1
4 2 -1 100 10 -1
0 3 15 100 20 100
0 1 -1 100 5 -1
11 3 80 100 15 -1
0 2 -1 -1 10 -1
3 1 120 50 5 100
10 3 80 100 15 20
3 3 80 100 10 30
3 3 50 100 15 100
